0.135529
0.114315
0.117387
0.129864
0.123665
0.126807
0.124882
0.140971
0.156485
0.182168
0.121174
0.111384
0.115897
0.117994
0.115779
0.121485
0.125158
0.130186
0.153524
0.154999
0.136520
0.120145
0.137634
0.132530
0.135330
0.132696
0.128828
0.129177
0.123283
0.158806
0.160641
0.165091
0.158065
0.130159
0.100000
0.130080
0.122256
0.134489
0.136520
0.139484
0.129120
0.142761
0.140156
0.126377
0.117921
0.128834
0.133697
0.132752
0.132696
0.123994
0.114148
0.134058
0.135518
inf
inf
inf
inf
inf
inf
inf
inf
0.158895
0.139243
0.137219
0.139079
inf
inf
inf
inf
0.083033
0.092305
0.086913
0.085830
0.094047
0.084567
0.087101
0.090253
0.111256
0.119370
0.086643
0.086372
0.108332
0.133512
0.083574
0.088809
0.083755
0.093970
0.096056
0.112358
0.137034
0.114111
0.139544
0.139028
0.123477
0.135063
0.137568
0.145180
0.142294
0.140404
0.134179
0.143409
0.152634
0.143168
0.129680
0.112681
0.094432
0.098551
0.100000
0.089293
0.136220
0.122708
0.147023
0.126798
0.087635
0.086372
0.083574
0.083023
0.144426
0.133814
0.112816
0.140094
0.208890
0.203969
0.222923
0.193626
0.083213
0.102621
0.090979
0.092962
0.090697
0.086725
0.087101
0.084034
0.089354
0.088804
0.090752
0.086931
0.205358
0.212261
0.222419
0.223904
0.119920
0.127569
0.126201
0.112085
inf
inf
0.096714
0.094860
0.082708
0.097974
0.112500
0.113465
0.222393
0.205225
0.160471
0.213737
0.148252
0.147724
0.111852
0.102946
0.119124
0.097798
0.181147
0.127613
0.118626
0.104834
0.117532
0.095926
0.086913
0.113517
0.140444
0.117478
0.097294
0.097051
0.097261
0.097934
0.187446
0.182901
0.177419
0.178170
0.162602
0.155831
0.143688
0.151881
0.094575
0.093318
0.100642
0.087906
0.095474
0.095528
0.101672
0.102727
0.123487
0.085740
0.130064
0.130060
0.135829
0.098820
0.095767
0.110682
0.106901
0.096955
0.108157
0.087541
0.128053
0.122921
0.117334
0.120807
0.114144
0.119150
0.134449
0.122677
0.096737
0.113148
0.118915
0.108044
0.123127
0.115950
0.115675
0.107919
0.088135
0.085212
0.093517
0.091268
0.089531
0.091336
0.095596
0.097207
0.109724
0.127558
0.112689
0.128456
0.152434
0.158285
inf
inf
0.233720
0.247319
0.238823
0.243353
0.158531
0.210984
0.168349
0.154816
0.178976
0.174114
0.160019
0.160678
0.162783
0.155031
0.156095
0.152554
0.163611
0.161324
0.152385
0.170034
inf
0.164192
0.157416
0.156135
0.094786
0.104482
0.108521
0.103032
0.122378
0.129874
0.131795
0.122526
0.126502
0.122499
0.099617
0.129217
0.116063
0.124354
0.122284
0.099814
0.118913
0.116206
0.121156
0.125521
0.138047
0.135879
0.135712
0.132840
0.115733
0.106390
0.115495
0.117071
0.123328
0.097293
0.144951
0.146588
0.098583
0.170157
0.172367
0.181149
0.100000
0.084206
0.110098
0.146666
0.141529
0.149119
0.124908
0.140189
0.124742
0.128532
0.126464
0.111380
0.108970
0.119389
0.121203
0.121719
0.116300
0.120302
0.116715
0.124368
0.123494
0.117433
0.159214
0.149532
0.132829
0.105340
0.133176
0.119849
0.148224
0.132557
0.139981
0.136105
0.125672
0.125577
0.127074
0.112232
0.126881
0.120660
0.123767
0.122869
0.126909
0.118579
0.121067
0.122632
0.105453
0.114192
0.122314
0.131637
0.127501
0.116004
0.130019
0.130209
0.122890
0.129401
0.122592
0.121991
0.125890
0.121000
0.118916
0.131919
0.127289
0.125308
0.125559
0.126641
0.120589
0.123910
0.119369
0.119174
0.115321
0.105555
0.115750
0.147156
0.122190
0.108166
0.097261
0.131115
0.154758
0.152971
0.155213
0.145044
0.142980
0.147176
0.138628
0.130600
0.140896
0.131058
0.098478
0.128309
0.118760
0.119340
0.146588
0.098583
0.170157
0.172367
0.112434
0.110376
0.114107
0.109227
0.118546
0.108791
0.118553
0.116107
0.116596
0.144968
0.153809
0.118007
0.122350
0.093398
0.117376
0.142694
0.126486
0.151298
0.161000
0.094786
0.104482
0.108521
0.103032
0.110752
0.121060
0.119389
0.121203
0.121719
0.116300
0.117302
0.122378
0.129874
0.131795
0.122526
0.126502
0.122499
0.099617
0.129217
0.116063
0.124354
0.122284
0.136473
0.099814
0.118913
0.116206
0.121156
0.125521
0.138047
0.135879
0.135712
0.132840
0.115733
0.120302
0.116715
0.124368
0.123494
0.117433
0.106390
0.115495
0.117071
0.123328
0.147507
0.135732
0.143266
0.115345
0.129405
0.144378
0.156531
0.153086
0.142750
0.127614
0.111502
0.108517
0.097293
0.144951
0.146588
0.098583
0.170157
0.172367
0.181149
0.100000
0.084206
0.110098
0.124742
0.128532
0.126464
0.111380
0.108970
0.110658
0.099927
0.139443
0.126961
0.146841
0.091336
0.126875
0.086011
0.141102
0.137701
0.122708
0.108692
0.111453
0.112699
0.143211
0.146666
0.141529
0.149119
0.124908
0.140189
0.143712
0.132485
0.122539
