32.278773
29.004227
29.228880
28.970289
29.546553
29.597569
29.251378
29.111619
29.056048
29.952822
29.729428
29.777218
28.674302
28.252743
11.554341
11.619078
11.590557
11.901556
11.836453
11.854714
11.307107
12.313758
12.447723
12.190670
12.041053
12.157662
12.031632
11.985287
11.628058
11.226808
11.575164
11.829672
11.519229
41.017041
42.280870
41.749774
41.119856
41.216916
41.169232
41.243310
40.752605
42.162441
24.950828
25.274742
26.037215
25.827551
42.534777
43.079835
41.846124
42.999129
41.559789
45.818932
43.981999
43.349079
43.214919
45.594900
42.190673
42.049488
42.232460
41.683655
41.535927
41.231368
40.858430
42.864912
41.178382
41.658022
21.412124
21.943073
21.545467
22.079338
21.590581
22.067341
21.876991
23.210986
30.946086
30.275293
30.903069
30.367051
2.196668
2.167026
2.183660
2.084435
20.753391
20.001916
19.559967
19.349014
20.404450
20.384213
20.007605
20.064201
21.132662
20.684303
21.220186
20.670092
23.503311
24.067649
22.151384
21.266690
25.522191
23.747709
23.108675
23.886701
24.775312
24.550123
24.916093
25.525449
25.301358
25.642856
24.511099
25.076050
25.235202
25.777046
25.687887
24.923738
25.012161
25.366408
24.832263
25.236338
24.551521
21.422705
24.232998
21.953954
24.923869
23.700352
24.282970
23.637473
20.837185
20.121575
21.861676
19.558255
25.470136
25.038762
25.280475
25.544752
25.852615
25.098892
25.782206
26.013417
21.296440
21.055442
22.020872
21.600397
20.043126
20.587288
20.931481
21.041754
21.929977
20.458611
21.311026
20.326101
25.786937
25.966801
26.045282
26.171772
29.763058
24.772080
23.717745
24.055496
19.645498
19.068872
20.488288
20.797532
22.610532
22.271849
22.970731
22.459251
25.579335
26.117940
26.163812
25.650527
26.026564
25.663487
24.409845
24.878373
24.367815
25.519190
29.996002
29.347511
28.321194
26.133922
26.461488
25.292370
24.663306
24.584459
26.557958
25.878402
21.981952
21.734692
22.346400
22.330444
26.516611
25.868876
26.287577
26.237602
26.231818
27.168267
25.628749
26.394616
25.622025
26.252766
26.102744
21.532935
25.174826
24.409762
24.382821
24.854361
24.539258
25.280807
26.883337
27.347518
27.959511
26.927289
25.567832
27.788268
28.598596
25.712033
27.897852
26.187929
27.943051
27.898842
28.109541
27.667272
26.335494
24.035641
25.143585
24.742337
23.971522
25.420960
24.654253
24.049641
23.978326
24.368125
24.122660
25.476696
21.812776
23.303210
24.050901
22.721704
24.597233
24.679292
24.956347
24.315842
26.320190
26.164906
24.132775
24.298229
6.617067
7.132807
5.493651
5.225020
6.779914
6.995689
6.970193
6.992922
7.127742
7.051919
6.960529
7.040604
7.211502
7.056787
7.089690
7.188694
6.838474
6.949878
6.754905
7.075629
6.809507
6.962304
7.094860
7.008396
5.616648
6.700404
6.988043
6.902233
25.804902
24.920597
27.533525
29.859971
28.326600
29.048646
29.166006
28.937639
29.073823
29.189352
26.871371
26.305769
24.730917
25.016579
25.060487
24.816229
25.955743
30.988047
26.161761
27.423632
26.496406
26.065587
25.247466
24.947095
25.429053
27.246480
27.554487
29.099616
26.045264
24.290645
25.932131
25.182832
25.295630
24.261148
24.707282
26.656332
23.955418
28.472721
24.911295
26.236204
26.091740
25.580487
25.121819
25.129626
26.605602
26.725148
26.055827
27.049824
29.536592
26.209521
25.518629
26.186165
26.451162
26.496568
29.160410
28.827820
25.750543
27.419118
30.489799
29.964324
25.241452
24.602692
29.385467
28.782674
29.424244
28.676911
28.509991
28.555983
27.536657
29.737758
26.457556
26.037182
26.422574
25.472328
25.861912
25.242368
25.679140
25.733165
26.246914
25.515058
25.748324
26.959184
30.136112
28.245581
25.605757
25.591140
25.863877
26.988525
30.231796
28.851843
28.483633
25.717457
25.584039
25.787791
29.556089
29.671056
29.862638
29.195393
29.617592
29.666766
27.897373
28.959274
28.833125
28.699018
28.070979
29.140850
28.573672
28.706205
26.993692
24.222041
24.448891
28.617229
28.908906
28.827886
28.771314
28.103640
28.174856
28.695744
29.549781
30.637779
30.483841
30.381804
27.425904
30.396609
30.470645
31.252450
31.579819
31.844535
33.670019
29.010412
28.854730
29.534897
29.476242
29.683770
29.156575
25.311944
25.138629
25.664785
26.897033
28.138594
29.311474
27.034557
26.035581
27.642342
27.383443
29.506843
24.362391
24.782819
23.764867
25.485870
25.314991
24.559120
25.000536
25.499871
24.769499
24.733860
24.797058
24.975659
24.802958
24.431414
24.635834
24.705383
25.023836
25.154999
24.520416
24.809385
24.984627
25.332898
24.958038
24.195355
24.220522
24.425187
24.117338
23.299196
25.136927
23.195658
23.641539
24.352517
22.819323
23.712294
23.259001
24.020975
24.512881
24.589621
24.376528
24.366325
24.581186
24.523544
24.217091
23.964433
22.817441
24.216291
24.584292
24.323567
24.679483
24.756920
24.122440
24.550220
23.828294
23.585570
24.157267
24.070611
23.872364
25.174114
23.744312
23.300640
23.931045
26.306810
25.815658
25.365437
24.247060
25.998690
23.910918
29.802120
26.399014
26.465916
25.634579
25.610671
25.681996
29.634103
30.161796
26.722969
25.079476
23.759266
28.643901
23.596557
24.765917
25.210389
27.812975
26.879525
30.145725
32.237451
30.022703
28.268694
27.944303
28.687332
28.268346
27.677662
27.664053
28.820657
27.915789
