1 0.0713514 1 0.0916417 1 0.0868408 1 0.0337979 
1 0.0786326 1 0.0803369 1 0.0797442 1 0.0327256 
1 0.0746214 1 0.0914722 1 0.0730052 1 0.0163018 
1 0.0898586 1 0.0817389 1 0.0900698 1 0.0367856 
1 0.0748481 1 0.0790698 1 0.0879795 1 0.0383489 
1 0.074236 1 0.0695091 1 0.0891646 1 0.0307533 
1 0.0829222 1 0.0750156 1 0.081416 1 0.0331698 
1 0.0768898 1 0.0866841 1 0.0851894 1 0.0346755 
1 0.0788861 1 0.0817389 1 0.0879894 1 0.0334746 
1 0.0736444 1 0.0784153 1 0.0854523 1 0.0356969 
1 0.0670698 1 0.078553 1 0.0785714 1 0.0291877 
1 0.0659603 1 0.0834935 1 0.073085 1 0.0339393 
1 0.0612717 1 0.0860113 1 0.0720042 1 0.0287746 
1 0.0738823 1 0.0817971 1 0.0727165 1 0.0327543 
1 0.0748314 1 0.0844236 1 0.0648924 1 0.0254505 
1 0.061571 1 0.0770916 1 0.0733823 1 0.0304029 
1 0.0693482 1 0.0911589 1 0.070623 1 0.0295188 
1 0.0689265 1 0.0809287 1 0.0639224 1 0.0230095 
1 0.0641668 1 0.0921676 1 0.0659718 1 0.0216527 
1 0.0666081 1 0.0802042 1 0.0799024 1 0.0307412 
1 0.0845591 1 0.0970432 1 0.0836937 1 0.0425764 
1 0.0974325 1 0.0967754 1 0.0968827 1 0.0403963 
1 0.103529 1 0.121946 1 0.119046 1 0.0428363 
1 0.0841081 1 0.0729241 1 0.0682275 1 0.0348499 
1 0.0590935 1 0.068511 1 0.0689426 1 0.0223534 
1 0.0758704 1 0.0717775 1 0.0705967 1 0.0204508 
1 0.0764896 1 0.0765341 1 0.0726498 1 0.0313001 
1 0.0754893 1 0.0829222 1 0.0735459 1 0.0267598 
1 0.0691775 1 0.0849852 1 0.0753004 1 0.020837 
1 0.060713 1 0.0880094 1 0.0676642 1 0.0244439 
1 0.0852161 1 0.0855955 1 0.0813158 1 0.0310088 
1 0.0854749 1 0.0989503 1 0.101456 1 0.0401608 
1 0.0811823 1 0.0994084 1 0.0974398 1 0.0456102 
1 0.0869309 1 0.0984163 1 0.0979059 1 0.0420922 
1 0.0847851 1 0.0871189 1 0.0882528 1 0.0409022 
1 0.0822528 1 0.0774793 1 0.0794286 1 0.0413737 
1 0.0756822 1 0.0917211 1 0.079924 1 0.03028 
1 0.0761735 1 0.0895692 1 0.0675158 1 0.0349864 
1 0.0787893 1 0.0834947 1 0.0825329 1 0.0470875 
1 0.0829241 1 0.0700259 1 0.0797366 1 0.045247 
1 0.074674 1 0.0752058 1 0.0900388 1 0.0473025 
1 0.0676626 1 0.0728166 1 0.0858372 1 0.0424013 
1 0.0990378 1 0.114847 1 0.100179 1 0.0505155 
1 0.0899126 1 0.10604 1 0.104718 1 0.0504917 
1 0.096333 1 0.119251 1 0.0986304 1 0.0497035 
1 0.093373 1 0.106264 1 0.102463 1 0.046417 
1 0.0768012 1 0.0843929 1 0.0601112 1 0.0292264 
1 0.0776937 1 0.0816538 1 0.079033 1 0.0340861 
1 0.0798685 1 0.0927385 1 0.0870502 1 0.0457007 
1 0.0864382 1 0.0991418 1 0.0903024 1 0.0395891 
1 0.0847285 1 0.0956233 1 0.0930584 1 0.04397 
1 0.0869309 1 0.0984163 1 0.0979059 1 0.0420922 
1 0.0835988 1 0.0858897 1 0.0757807 1 0.0451413 
1 0.0836371 1 0.0744593 1 0.0828102 1 0.0464651 
1 0.0879793 1 0.0999712 1 0.0889 1 0.0432347 
1 0.082473 1 0.0914104 1 0.0804287 1 0.0327318 
1 0.0716248 1 0.0953229 1 0.0787386 1 0.0433775 
1 0.0651707 1 0.087311 1 0.0746069 1 0.0435473 
1 0.073204 1 0.0896247 1 0.0802751 1 0.0398077 
1 0.0902352 1 0.0869008 1 0.0830517 1 0.0401745 
1 0.0727642 1 0.0695091 1 0.0785714 1 0.0469767 
1 0.0787893 1 0.0834947 1 0.0825329 1 0.0470875 
1 0.0768155 1 0.0842726 1 0.0733833 1 0.043502 
1 0.0723577 1 0.0700259 1 0.073905 1 0.0392046 
1 0.0755404 1 0.0806192 1 0.0845715 1 0.0484357 
1 0.0732914 1 0.104584 1 0.0796762 1 0.0426054 
0 inf 0 inf 0 inf 0 inf 
0 inf 0 inf 0 inf 0 inf 
0 inf 0 inf 0 inf 0 inf 
0 inf 0 inf 0 inf 0 inf 
0 inf 0 inf 0 inf 0 inf 
0 inf 0 inf 0 inf 0 inf 
0 inf 0 inf 0 inf 0 inf 
0 inf 0 inf 0 inf 0 inf 
1 0.110476 1 0.106951 1 0.114568 1 0.0532383 
1 0.103472 1 0.116162 1 0.107295 1 0.0475383 
1 0.084128 1 0.0987658 1 0.087981 1 0.0383718 
1 0.0840074 1 0.0983091 1 0.0890467 1 0.0394606 
0 inf 0 inf 0 inf 0 inf 
0 inf 0 inf 0 inf 0 inf 
0 inf 0 inf 0 inf 0 inf 
0 inf 0 inf 0 inf 0 inf 
1 0.0915106 1 0.084741 1 0.0811429 1 0.0737819 
1 0.0917313 1 0.0867426 1 0.0811429 1 0.0505997 
1 0.0914838 1 0.0950517 1 0.0865429 1 0.0479918 
1 0.0766847 1 0.0878965 1 0.0952722 1 0.0564613 
1 0.0907411 1 0.0860941 1 0.082 1 0.082926 
1 0.0838957 1 0.0845448 1 0.082 1 0.0630663 
1 0.0906778 1 0.0898866 1 0.0878538 1 0.0718631 
1 0.0884367 1 0.0827885 1 0.0817143 1 0.0577081 
1 0.0802051 1 0.0845813 1 0.0842723 1 0.0318907 
1 0.0766847 1 0.0943737 1 0.101585 1 0.0423863 
1 0.0766847 1 0.0943737 1 0.082 1 0.0378851 
1 0.0804878 1 0.0797073 1 0.0853262 1 0.0341394 
1 0.0784862 1 0.0803618 1 0.082 1 0.0332787 
1 0.0772764 1 0.0739693 1 0.0902857 1 0.0403315 
1 0.0780488 1 0.076562 1 0.0808572 1 0.0462643 
1 0.0780488 1 0.0731266 1 0.0817143 1 0.0296484 
1 0.0918903 1 0.077323 1 0.0775446 1 0.0378689 
1 0.0850407 1 0.0692462 1 0.0807283 1 0.0486701 
1 0.0808848 1 0.0744648 1 0.0814746 1 0.0529096 
1 0.0824797 1 0.0793336 1 0.0767499 1 0.0447541 
1 0.0716466 1 0.0845524 1 0.0790822 1 0.0371312 
1 0.0766537 1 0.0690037 1 0.0777227 1 0.0279065 
1 0.0630255 1 0.0718968 1 0.0652587 1 0.0226055 
1 0.0830442 1 0.0799167 1 0.0565534 1 0.0239754 
1 0.0696777 1 0.092739 1 0.0691022 1 0.0274422 
1 0.0732892 1 0.0801804 1 0.0768639 1 0.028192 
1 0.0649849 1 0.0907614 1 0.0750082 1 0.033675 
1 0.0742379 1 0.0874548 1 0.0808143 1 0.0286885 
1 0.0745224 1 0.0759086 1 0.0723671 1 0.033873 
1 0.0671801 1 0.0753503 1 0.0713335 1 0.029764 
1 0.072772 1 0.0780463 1 0.0768112 1 0.0281064 
1 0.0717716 1 0.0664375 1 0.0775789 1 0.0235905 
1 0.0931776 1 0.0861673 1 0.0930444 1 0.0568019 
1 0.0783344 1 0.082429 1 0.0908355 1 0.0551054 
1 0.0835246 1 0.0857664 1 0.076725 1 0.0474475 
1 0.0865532 1 0.0830081 1 0.082245 1 0.0468426 
1 0.0804878 1 0.0744186 1 0.0785714 1 0.0435357 
1 0.0723577 1 0.0790698 1 0.0805715 1 0.0348375 
1 0.0952185 1 0.0790698 1 0.0782857 1 0.0469328 
1 0.0729166 1 0.0807502 1 0.0732337 1 0.0344547 
1 0.0883813 1 0.0911347 1 0.086544 1 0.0408321 
1 0.072435 1 0.0781626 1 0.0849155 1 0.0481025 
1 0.0570506 1 0.0594229 1 0.0725954 1 0.0530477 
1 0.0859641 1 0.0773337 1 0.0873429 1 0.0391349 
1 0.0788369 1 0.0731266 1 0.0876213 1 0.0536066 
1 0.0838166 1 0.0731266 1 0.0845715 1 0.0478699 
1 0.0829065 1 0.0745611 1 0.0807 1 0.0279943 
1 0.0699095 1 0.0722481 1 0.0742 1 0.0320842 
1 0.0946739 1 0.101704 1 0.0885963 1 0.0629573 
1 0.0804878 1 0.0834626 1 0.0845715 1 0.0564434 
1 0.0784553 1 0.0819412 1 0.0885128 1 0.0605749 
1 0.089285 1 0.0861673 1 0.098 1 0.0548867 
1 0.0929472 1 0.0940439 1 0.0810429 1 0.0719672 
1 0.0714961 1 0.0850536 1 0.0860839 1 0.0766804 
1 0.0913618 1 0.0975969 1 0.0929857 1 0.0743931 
1 0.0677285 1 0.0900646 1 0.0817857 1 0.0472541 
1 0.1 1 0.0899225 1 0.0910945 1 0.0787486 
1 0.0735483 1 0.0744186 1 0.0913076 1 0.0639992 
1 0.0799082 1 0.0812508 1 0.0824516 1 0.0761745 
1 0.0804864 1 0.0785303 1 0.0927254 1 0.0789185 
1 0.0894482 1 0.0805814 1 0.0817143 1 0.0565117 
1 0.0867492 1 0.0809684 1 0.0853164 1 0.0570082 
1 0.0921605 1 0.0837182 1 0.0874286 1 0.0810267 
1 0.079126 1 0.0770946 1 0.082 1 0.0511898 
1 0.0680654 1 0.0784625 1 0.0707856 1 0.0403081 
1 0.0712585 1 0.0728037 1 0.0707789 1 0.0413857 
1 0.0701825 1 0.0680015 1 0.0745726 1 0.0410571 
1 0.0661219 1 0.0709962 1 0.0725532 1 0.0425594 
1 0.114045 1 0.117586 1 0.104584 1 0.0790928 
1 0.105578 1 0.110693 1 0.104584 1 0.0726579 
1 0.117794 1 0.117586 1 0.103457 1 0.0790928 
1 0.115399 1 0.118251 1 0.103457 1 0.0800472 
1 0.0783505 1 0.0792248 1 0.0795572 1 0.0331967 
1 0.0782307 1 0.0821251 1 0.0840484 1 0.0347131 
1 0.0686212 1 0.0794723 1 0.0714831 1 0.0281557 
1 0.076789 1 0.0839877 1 0.0781791 1 0.031761 
0 inf 0 inf 0 inf 0 inf 
0 inf 0 inf 0 inf 0 inf 
1 0.0893827 1 0.0808379 1 0.082 1 0.0704896 
1 0.0780488 1 0.0731266 1 0.082 1 0.0686408 
1 0.0672779 1 0.0726352 1 0.0547196 1 0.0188821 
1 0.0633757 1 0.0744186 1 0.0730725 1 0.0141814 
1 0.0620705 1 0.0687985 1 0.0717911 1 0.0195869 
1 0.0537376 1 0.0736434 1 0.0736967 1 0.0252869 
1 0.127186 1 0.165229 1 0.142583 1 0.0712741 
1 0.12382 1 0.157982 1 0.135245 1 0.0752021 
1 0.0780488 1 0.0860465 1 0.0941751 1 0.0604508 
1 0.125475 1 0.175062 1 0.126084 1 0.032459 
1 0.105733 1 0.0873748 1 0.08976 1 0.0481009 
1 0.0979199 1 0.101652 1 0.0949158 1 0.0506795 
1 0.08306 1 0.087682 1 0.0815335 1 0.0460743 
1 0.0934607 1 0.0856286 1 0.0954557 1 0.0418781 
1 0.0735483 1 0.0744186 1 0.0942857 1 0.0785201 
1 0.0737444 1 0.0816379 1 0.0811422 1 0.0689727 
1 0.104367 1 0.100457 1 0.100798 1 0.0790928 
1 0.0880548 1 0.0942507 1 0.0911268 1 0.0589037 
1 0.0785908 1 0.0794476 1 0.0880143 1 0.0378003 
1 0.0904065 1 0.0880315 1 0.0911286 1 0.0412832 
1 0.0854268 1 0.082429 1 0.0824269 1 0.0393685 
1 0.0799594 1 0.082429 1 0.0811429 1 0.0507 
1 0.0727642 1 0.0743354 1 0.0797183 1 0.0314512 
1 0.0742599 1 0.0728682 1 0.0762066 1 0.0338525 
1 0.073126 1 0.0989012 1 0.0857339 1 0.0461256 
1 0.0746748 1 0.0734901 1 0.0842006 1 0.0385802 
1 0.0780488 1 0.0731266 1 0.0828503 1 0.0740014 
1 0.0780488 1 0.0731266 1 0.0828503 1 0.0691143 
1 0.0780488 1 0.0731266 1 0.0828503 1 0.0720952 
1 0.0780488 1 0.0731266 1 0.0811429 1 0.0741657 
1 0.0784553 1 0.0793282 1 0.0764857 1 0.0541394 
1 0.0784553 1 0.0793282 1 0.0766714 1 0.0577049 
1 0.0784553 1 0.0794703 1 0.0766143 1 0.037541 
1 0.0784553 1 0.0793282 1 0.0764857 1 0.0577049 
1 0.0939025 1 0.0825372 1 0.0986827 1 0.0591271 
1 0.0929 1 0.0890323 1 0.0845715 1 0.0395333 
1 0.0992897 1 0.0894988 1 0.0898101 1 0.0630229 
1 0.0892396 1 0.0973487 1 0.0886143 1 0.0592589 
1 0.0727642 1 0.0728682 1 0.0845715 1 0.067954 
1 0.0727642 1 0.0801953 1 0.0874286 1 0.0725669 
1 0.0821138 1 0.070801 1 0.0845872 1 0.067954 
1 0.0780488 1 0.0818697 1 0.0845872 1 0.0404646 
1 0.0801592 1 0.0728682 1 0.0874286 1 0.0729398 
1 0.0804878 1 0.0728682 1 0.0874286 1 0.0738272 
1 0.0780488 1 0.0731266 1 0.0874286 1 0.0754635 
1 0.0723577 1 0.0731266 1 0.0874286 1 0.0754635 
1 0.0720197 1 0.0790698 1 0.0837537 1 0.0367666 
1 0.0711495 1 0.0775065 1 0.074392 1 0.0116393 
1 0.0741959 1 0.0848062 1 0.0751857 1 0.0279918 
1 0.0706301 1 0.0758656 1 0.0730857 1 0.0346878 
1 0.0739074 1 0.0819289 1 0.0841728 1 0.0372762 
1 0.0749322 1 0.0824474 1 0.0805715 1 0.0290449 
1 0.0792314 1 0.0793861 1 0.0805429 1 0.0321387 
1 0.0687496 1 0.0880502 1 0.084137 1 0.0334667 
1 0.0780488 1 0.0731266 1 0.0877302 1 0.0471267 
1 0.0728857 1 0.0700259 1 0.0794286 1 0.0320492 
1 0.0843103 1 0.0733568 1 0.0862857 1 0.0457257 
1 0.0727642 1 0.0727664 1 0.0781143 1 0.0338583 
1 0.0645888 1 0.0787924 1 0.0753711 1 0.0365209 
1 0.0783537 1 0.0821576 1 0.0783719 1 0.0257787 
1 0.0748591 1 0.0863954 1 0.0839613 1 0.0258607 
1 0.0659421 1 0.0840228 1 0.0803919 1 0.0263169 
1 0.0717277 1 0.0777649 1 0.0706714 1 0.0290621 
1 0.0742371 1 0.0885788 1 0.0774112 1 0.0328423 
1 0.0727618 1 0.0853148 1 0.0738671 1 0.0257793 
1 0.0674131 1 0.0895866 1 0.088 1 0.0368058 
1 0.0628258 1 0.0792119 1 0.0733891 1 0.0311678 
1 0.0737531 1 0.086346 1 0.0706422 1 0.0375693 
1 0.0735755 1 0.0775452 1 0.0727714 1 0.032467 
1 0.079518 1 0.085646 1 0.0705941 1 0.0370576 
1 0.0712106 1 0.0834367 1 0.072589 1 0.0322541 
1 0.0699067 1 0.0769118 1 0.0838945 1 0.0336885 
1 0.058011 1 0.0848924 1 0.0791143 1 0.0353418 
1 0.0695336 1 0.0785153 1 0.0729096 1 0.0182787 
1 0.0499594 1 0.0743232 1 0.0735336 1 0.0319609 
1 0.0612195 1 0.0657711 1 0.0726715 1 0.0226102 
1 0.0784235 1 0.0723385 1 0.0752741 1 0.0306623 
1 0.0837198 1 0.0908656 1 0.0826 1 0.0355391 
1 0.0735483 1 0.0743023 1 0.0797143 1 0.0504912 
1 0.0786187 1 0.0736157 1 0.0784853 1 0.0403971 
1 0.0749402 1 0.0786905 1 0.0868429 1 0.0433856 
1 0.0778862 1 0.0859819 1 0.0852286 1 0.0390134 
1 0.0895924 1 0.0869897 1 0.0882715 1 0.0555821 
1 0.0864431 1 0.0860336 1 0.0891355 1 0.0460253 
1 0.0792715 1 0.0911241 1 0.0807673 1 0.0402869 
1 0.0855378 1 0.0861045 1 0.0927286 1 0.0434599 
1 0.1 1 0.1 1 0.0937143 1 0.0473655 
1 0.124856 1 0.11333 1 0.130786 1 0.0423626 
0 inf 0 inf 0 inf 0 inf 
0 inf 0 inf 0 inf 0 inf 
1 0.173606 1 0.177334 1 0.187419 1 0.0783042 
1 0.151915 1 0.184304 1 0.182453 1 0.0779184 
1 0.151823 1 0.187738 1 0.191541 1 0.0781643 
1 0.143295 1 0.189798 1 0.186411 1 0.0781643 
1 0.109895 1 0.108765 1 0.113624 1 0.0495789 
1 0.163248 1 0.145513 1 0.146878 1 0.0892038 
1 0.1171 1 0.130322 1 0.117048 1 0.0507964 
1 0.0873714 1 0.112651 1 0.105835 1 0.055497 
1 0.14523 1 0.143254 1 0.131285 1 0.0862323 
1 0.112925 1 0.136654 1 0.119227 1 0.0652541 
1 0.114035 1 0.105982 1 0.119583 1 0.0542024 
1 0.098549 1 0.108372 1 0.118741 1 0.0527102 
1 0.0838166 1 0.0760294 1 0.099367 1 0.0413344 
1 0.0818813 1 0.0790698 1 0.0805715 1 0.0426789 
1 0.0856173 1 0.0803618 1 0.0998118 1 0.0455785 
1 0.0818813 1 0.103731 1 0.0976912 1 0.0554803 
1 0.0848005 1 0.0866841 1 0.0961374 1 0.0469105 
1 0.0868708 1 0.0790698 1 0.0970486 1 0.0478115 
1 0.0876405 1 0.1 1 0.0931429 1 0.0500406 
1 0.0837399 1 0.0803618 1 0.0961374 1 0.0428272 
0 inf 0 inf 0 inf 0 inf 
1 0.142554 1 0.136225 1 0.135195 1 0.0422362 
1 0.116535 1 0.114876 1 0.0996452 1 0.0416283 
1 0.125713 1 0.113686 1 0.11798 1 0.0459248 
1 0.0606572 1 0.0815192 1 0.0796255 1 0.0357964 
1 0.0753301 1 0.0819263 1 0.0694105 1 0.025806 
1 0.065887 1 0.0906511 1 0.080575 1 0.0311885 
1 0.0507684 1 0.0871189 1 0.0738544 1 0.0284714 
1 0.0713752 1 0.0888629 1 0.0576078 1 0.0388162 
1 0.0707341 1 0.0931949 1 0.0725117 1 0.0338076 
1 0.0798818 1 0.0857413 1 0.0734688 1 0.0211066 
1 0.0828059 1 0.0841179 1 0.0637944 1 0.0358569 
1 0.0887308 1 0.0898811 1 0.070793 1 0.0366019 
1 0.0739573 1 0.088334 1 0.0683182 1 0.0334787 
1 0.074578 1 0.0917381 1 0.071886 1 0.034662 
1 0.0801225 1 0.0909635 1 0.0682033 1 0.0346008 
1 0.0737181 1 0.0774419 1 0.0677448 1 0.0363935 
1 0.0769035 1 0.0928718 1 0.0790582 1 0.0403148 
1 0.0824747 1 0.0754411 1 0.0715256 1 0.0358702 
1 0.0778427 1 0.0680612 1 0.0804781 1 0.037405 
1 0.0781538 1 0.085126 1 0.0742689 1 0.0231429 
1 0.0873673 1 0.102198 1 0.0864143 1 0.0402051 
1 0.0877656 1 0.0946993 1 0.0826802 1 0.0315744 
1 0.0830894 1 0.0868605 1 0.0846261 1 0.0396674 
1 0.0786687 1 0.0742342 1 0.0873115 1 0.0401543 
1 0.084576 1 0.0810293 1 0.0699312 1 0.0286815 
1 0.0711073 1 0.0934991 1 0.08931 1 0.0282356 
1 0.0811131 1 0.0949878 1 0.0894572 1 0.031409 
1 0.0704532 1 0.0765302 1 0.0783341 1 0.0356518 
1 0.0741944 1 0.0853155 1 0.0787725 1 0.036692 
1 0.0748813 1 0.0797535 1 0.0730468 1 0.0404593 
1 0.0711815 1 0.0688906 1 0.0753732 1 0.0380807 
1 0.0763106 1 0.0903322 1 0.0831286 1 0.0388478 
1 0.0744682 1 0.0907568 1 0.0754555 1 0.037014 
1 0.0752345 1 0.0727697 1 0.0803572 1 0.0247137 
1 0.074056 1 0.0678036 1 0.0821465 1 0.0295082 
1 0.0750788 1 0.0809797 1 0.0804429 1 0.0289622 
1 0.0746016 1 0.0856202 1 0.0911143 1 0.0406728 
1 0.0885163 1 0.0983042 1 0.0937286 1 0.0284016 
1 0.095813 1 0.0906589 1 0.0941714 1 0.0373095 
1 0.0795935 1 0.0768641 1 0.0902143 1 0.0431034 
1 0.065522 1 0.0700259 1 0.0845286 1 0.0420352 
1 0.0845935 1 0.092106 1 0.0841715 1 0.0238525 
1 0.0872269 1 0.113481 1 0.0947434 1 0.0384728 
1 0.0795995 1 0.0912795 1 0.0842049 1 0.0315873 
1 0.0887347 1 0.100187 1 0.0837434 1 0.0433031 
1 0.0895825 1 0.0899763 1 0.0821968 1 0.0359189 
1 0.0737827 1 0.0926151 1 0.0842362 1 0.029681 
1 0.0832373 1 0.088015 1 0.0816271 1 0.0293863 
1 0.0917805 1 0.0878164 1 0.0756553 1 0.017623 
1 0.0859324 1 0.0830819 1 0.0826747 1 0.0262624 
1 0.0893598 1 0.0783833 1 0.0869314 1 0.0272683 
1 0.0938839 1 0.087165 1 0.0958284 1 0.0406453 
1 0.0756448 1 0.0786754 1 0.0750936 1 0.0364194 
1 0.0676284 1 0.0616803 1 0.0541523 1 0.025123 
1 0.0558543 1 0.0773593 1 0.0657106 1 0.0294513 
1 0.0634959 1 0.0645301 1 0.0623286 1 0.0170469 
1 0.0712155 1 0.0790569 1 0.0870419 1 0.037981 
1 0.0669418 1 0.0808882 1 0.0792232 1 0.0404889 
1 0.07562 1 0.0777587 1 0.0805792 1 0.0353314 
1 0.0778007 1 0.0832794 1 0.077265 1 0.0355955 
1 0.071239 1 0.083073 1 0.0773645 1 0.0266861 
1 0.0855609 1 0.110851 1 0.0859332 1 0.0396623 
1 0.0867899 1 0.0968476 1 0.0898187 1 0.0310825 
1 0.0741979 1 0.0875995 1 0.0809384 1 0.0346516 
1 0.0730908 1 0.0900768 1 0.0806839 1 0.0303221 
1 0.081069 1 0.0891759 1 0.0774082 1 0.0309861 
1 0.0782349 1 0.0877428 1 0.0687523 1 0.0438674 
1 0.0850818 1 0.0880138 1 0.0777108 1 0.0348443 
1 0.0821603 1 0.083534 1 0.0746886 1 0.039454 
1 0.0861958 1 0.0910935 1 0.0666332 1 0.0468898 
1 0.0834286 1 0.0843545 1 0.0812429 1 0.0369707 
1 0.0834235 1 0.0847496 1 0.0819108 1 0.0281545 
1 0.0921734 1 0.0791812 1 0.0750795 1 0.0134298 
1 0.0854893 1 0.0798112 1 0.07798 1 0.0261885 
1 0.0954296 1 0.0867265 1 0.0863375 1 0.0272683 
1 0.0684174 1 0.084101 1 0.0769505 1 0.0279147 
1 0.0632222 1 0.0700259 1 0.0626443 1 0.0279816 
1 0.0779934 1 0.0755339 1 0.0720123 1 0.0399632 
1 0.0650301 1 0.0762042 1 0.0674309 1 0.0315631 
1 0.0771479 1 0.0977789 1 0.0762011 1 0.0334577 
1 0.0711704 1 0.0889271 1 0.0784236 1 0.0332632 
1 0.0727195 1 0.0810822 1 0.0807815 1 0.0345349 
1 0.0767945 1 0.0854147 1 0.0806448 1 0.0380401 
1 0.081582 1 0.0730998 1 0.0749951 1 0.0254787 
1 0.0725287 1 0.0819406 1 0.0647559 1 0.0280514 
1 0.0699078 1 0.0848694 1 0.0826294 1 0.0353453 
1 0.0730385 1 0.103185 1 0.0905836 1 0.0370788 
1 0.0758007 1 0.10207 1 0.0941223 1 0.036209 
1 0.0860661 1 0.0910581 1 0.0927237 1 0.0368546 
1 0.0881144 1 0.0809989 1 0.0852298 1 0.0329336 
1 0.0883246 1 0.0961164 1 0.0779908 1 0.0314334 
1 0.0749831 1 0.0980819 1 0.089293 1 0.0390127 
1 0.0888595 1 0.0905312 1 0.0875286 1 0.0397781 
1 0.0681601 1 0.0963251 1 0.0708975 1 0.028941 
1 0.0802448 1 0.07931 1 0.0682158 1 0.0325854 
1 0.0800163 1 0.0865003 1 0.0678835 1 0.0423616 
1 0.0726233 1 0.086281 1 0.069428 1 0.0373621 
1 0.0685579 1 0.0908071 1 0.0846607 1 0.0384157 
1 0.0865297 1 0.0730972 1 0.0851721 1 0.0302459 
1 0.0653997 1 0.0814842 1 0.0806868 1 0.0276682 
1 0.0629056 1 0.0787597 1 0.069 1 0.0295592 
1 0.0746057 1 0.0846881 1 0.0732406 1 0.0235784 
1 0.0800301 1 0.0848917 1 0.0698274 1 0.0193853 
1 0.0761126 1 0.0725377 1 0.0720541 1 0.0246312 
1 0.0797581 1 0.0801712 1 0.0733144 1 0.0234426 
1 0.0600836 1 0.0630491 1 0.0743906 1 0.0382813 
1 0.0710171 1 0.0837259 1 0.0821374 1 0.0382251 
1 0.0766977 1 0.0834034 1 0.0823628 1 0.036534 
1 0.0706857 1 0.0879791 1 0.078596 1 0.0392203 
1 0.0722846 1 0.0695091 1 0.0887044 1 0.0342285 
1 0.076911 1 0.0870801 1 0.0766409 1 0.0316803 
1 0.0874111 1 0.0736605 1 0.0579709 1 0.0439207 
1 0.0841406 1 0.0803765 1 0.0653627 1 0.0357377 
1 0.0699369 1 0.0806723 1 0.0717615 1 0.0355164 
1 0.0746001 1 0.0722755 1 0.0756989 1 0.0312215 
1 0.0848944 1 0.1 1 0.0911652 1 0.0447182 
1 0.0811837 1 0.0945322 1 0.0842299 1 0.0349228 
1 0.0814703 1 0.0966269 1 0.0941623 1 0.0370479 
1 0.0890155 1 0.0982654 1 0.0825714 1 0.0467275 
1 0.069776 1 0.0863359 1 0.083704 1 0.0223846 
1 0.0804878 1 0.0844185 1 0.0876276 1 0.032409 
1 0.0727134 1 0.0867472 1 0.0838055 1 0.0345915 
1 0.0822585 1 0.0838885 1 0.0913255 1 0.0342039 
1 0.066039 1 0.0845623 1 0.0771284 1 0.0384922 
1 0.0806618 1 0.0987835 1 0.0879585 1 0.0404279 
1 0.0890995 1 0.0774178 1 0.0802429 1 0.0407655 
1 0.0755427 1 0.0785863 1 0.0836429 1 0.0370768 
1 0.0867031 1 0.0961973 1 0.0839315 1 0.0211066 
1 0.0756245 1 0.0878506 1 0.075884 1 0.0329528 
1 0.074056 1 0.0678036 1 0.0821465 1 0.0295082 
1 0.0750788 1 0.0809797 1 0.0804429 1 0.0289622 
1 0.0746016 1 0.0856202 1 0.0911143 1 0.0406728 
1 0.0885163 1 0.0983042 1 0.0937286 1 0.0284016 
1 0.0662131 1 0.0830365 1 0.072397 1 0.0265255 
1 0.0676869 1 0.0769601 1 0.0680256 1 0.0214754 
1 0.0724184 1 0.0744454 1 0.0695099 1 0.0352746 
1 0.0610311 1 0.0582819 1 0.0531851 1 0.0265504 
1 0.0665501 1 0.08498 1 0.0768507 1 0.0115574 
1 0.0680019 1 0.081029 1 0.0532027 1 0.0222541 
1 0.0719595 1 0.0809123 1 0.0766634 1 0.0312705 
1 0.0725148 1 0.0742652 1 0.0807659 1 0.0332425 
1 0.067846 1 0.0884492 1 0.0764041 1 0.0405014 
1 0.060925 1 0.0948894 1 0.0851957 1 0.014959 
1 0.0876605 1 0.109977 1 0.0933 1 0.0371685 
1 0.0818904 1 0.0858703 1 0.084742 1 0.0385723 
1 0.0772434 1 0.0785768 1 0.0793776 1 0.0298109 
1 0.0688023 1 0.0755839 1 0.0668862 1 0.034008 
1 0.0747947 1 0.0619977 1 0.0630974 1 0.0372564 
1 0.0976491 1 0.101213 1 0.0898034 1 0.0358024 
1 0.0867073 1 0.0927261 1 0.0802457 1 0.0451304 
1 0.0778576 1 0.0924559 1 0.0847006 1 0.0302459 
1 0.0669309 1 0.0788042 1 0.0733286 1 0.0380312 
1 0.0606572 1 0.0815192 1 0.0796255 1 0.0357964 
1 0.0753301 1 0.0819263 1 0.0694105 1 0.025806 
1 0.065887 1 0.0906511 1 0.080575 1 0.0311885 
1 0.0507684 1 0.0871189 1 0.0738544 1 0.0284714 
1 0.0655916 1 0.0744186 1 0.0613206 1 0.0204918 
1 0.0697518 1 0.0724559 1 0.0756038 1 0.0346728 
1 0.0756448 1 0.0786754 1 0.0750936 1 0.0364194 
1 0.0676284 1 0.0616803 1 0.0541523 1 0.025123 
1 0.0558543 1 0.0773593 1 0.0657106 1 0.0294513 
1 0.0634959 1 0.0645301 1 0.0623286 1 0.0170469 
1 0.0646147 1 0.07797 1 0.0713639 1 0.0330202 
1 0.0713752 1 0.0888629 1 0.0576078 1 0.0388162 
1 0.0707341 1 0.0931949 1 0.0725117 1 0.0338076 
1 0.0798818 1 0.0857413 1 0.0734688 1 0.0211066 
1 0.0828059 1 0.0841179 1 0.0637944 1 0.0358569 
1 0.0887308 1 0.0898811 1 0.070793 1 0.0366019 
1 0.0739573 1 0.088334 1 0.0683182 1 0.0334787 
1 0.074578 1 0.0917381 1 0.071886 1 0.034662 
1 0.0801225 1 0.0909635 1 0.0682033 1 0.0346008 
1 0.0737181 1 0.0774419 1 0.0677448 1 0.0363935 
1 0.0769035 1 0.0928718 1 0.0790582 1 0.0403148 
1 0.0824747 1 0.0754411 1 0.0715256 1 0.0358702 
1 0.0839628 1 0.0938091 1 0.0660068 1 0.0333456 
1 0.0778427 1 0.0680612 1 0.0804781 1 0.037405 
1 0.0781538 1 0.085126 1 0.0742689 1 0.0231429 
1 0.0873673 1 0.102198 1 0.0864143 1 0.0402051 
1 0.0877656 1 0.0946993 1 0.0826802 1 0.0315744 
1 0.0830894 1 0.0868605 1 0.0846261 1 0.0396674 
1 0.0786687 1 0.0742342 1 0.0873115 1 0.0401543 
1 0.084576 1 0.0810293 1 0.0699312 1 0.0286815 
1 0.0711073 1 0.0934991 1 0.08931 1 0.0282356 
1 0.0811131 1 0.0949878 1 0.0894572 1 0.031409 
1 0.0704532 1 0.0765302 1 0.0783341 1 0.0356518 
1 0.0712155 1 0.0790569 1 0.0870419 1 0.037981 
1 0.0669418 1 0.0808882 1 0.0792232 1 0.0404889 
1 0.07562 1 0.0777587 1 0.0805792 1 0.0353314 
1 0.0778007 1 0.0832794 1 0.077265 1 0.0355955 
1 0.071239 1 0.083073 1 0.0773645 1 0.0266861 
1 0.0741944 1 0.0853155 1 0.0787725 1 0.036692 
1 0.0748813 1 0.0797535 1 0.0730468 1 0.0404593 
1 0.0711815 1 0.0688906 1 0.0753732 1 0.0380807 
1 0.0763106 1 0.0903322 1 0.0831286 1 0.0388478 
1 0.0846585 1 0.101766 1 0.100531 1 0.0384089 
1 0.0734239 1 0.0939406 1 0.0874463 1 0.0481011 
1 0.0893142 1 0.106485 1 0.0825548 1 0.0493822 
1 0.0847714 1 0.0848935 1 0.0833816 1 0.047555 
1 0.0796237 1 0.100305 1 0.0814502 1 0.0376704 
1 0.0877894 1 0.0905556 1 0.0899626 1 0.0323675 
1 0.0984318 1 0.10571 1 0.101325 1 0.0329508 
1 0.0829113 1 0.0700259 1 0.0954603 1 0.0356712 
1 0.0795395 1 0.0993223 1 0.0906337 1 0.041844 
1 0.0821702 1 0.0888877 1 0.0871156 1 0.0393104 
1 0.0722409 1 0.0827463 1 0.0698403 1 0.0292623 
1 0.0648154 1 0.073298 1 0.0571789 1 0.0262468 
1 0.0744682 1 0.0907568 1 0.0754555 1 0.037014 
1 0.0752345 1 0.0727697 1 0.0803572 1 0.0247137 
1 0.074056 1 0.0678036 1 0.0821465 1 0.0295082 
1 0.0750788 1 0.0809797 1 0.0804429 1 0.0289622 
1 0.0746016 1 0.0856202 1 0.0911143 1 0.0406728 
1 0.0885163 1 0.0983042 1 0.0937286 1 0.0284016 
1 0.095813 1 0.0906589 1 0.0941714 1 0.0373095 
1 0.0795935 1 0.0768641 1 0.0902143 1 0.0431034 
1 0.065522 1 0.0700259 1 0.0845286 1 0.0420352 
1 0.0845935 1 0.092106 1 0.0841715 1 0.0238525 
1 0.0832373 1 0.088015 1 0.0816271 1 0.0293863 
1 0.0917805 1 0.0878164 1 0.0756553 1 0.017623 
1 0.0859324 1 0.0830819 1 0.0826747 1 0.0262624 
1 0.0893598 1 0.0783833 1 0.0869314 1 0.0272683 
1 0.0938839 1 0.087165 1 0.0958284 1 0.0406453 
1 0.0862632 1 0.0700259 1 0.0886102 1 0.0416464 
1 0.0934906 1 0.0819057 1 0.0955168 1 0.016315 
1 0.0811899 1 0.0961568 1 0.0865263 1 0.0395091 
1 0.0768398 1 0.093824 1 0.0807476 1 0.0246542 
1 0.0747052 1 0.0906662 1 0.077303 1 0.0173868 
1 0.0776903 1 0.079845 1 0.0750396 1 0.0260904 
1 0.0799859 1 0.0942258 1 0.0851486 1 0.0347606 
1 0.0564039 1 0.0662807 1 0.0505794 1 0.0258668 
1 0.0765651 1 0.0856591 1 0.0817286 1 0.0344104 
1 0.0784553 1 0.0989555 1 0.102537 1 0.0450229 
1 0.0852395 1 0.091336 1 0.0908004 1 0.0430328 
1 0.0743353 1 0.0846714 1 0.0896269 1 0.0418998 
1 0.0643443 1 0.0876048 1 0.0702572 1 0.04562 
1 0.0581385 1 0.0757741 1 0.0591663 1 0.038437 
1 0.0863706 1 0.0764743 1 0.098843 1 0.0394262 
1 0.0872269 1 0.113481 1 0.0947434 1 0.0384728 
1 0.0795995 1 0.0912795 1 0.0842049 1 0.0315873 
1 0.0887347 1 0.100187 1 0.0837434 1 0.0433031 
1 0.0895825 1 0.0899763 1 0.0821968 1 0.0359189 
1 0.0737827 1 0.0926151 1 0.0842362 1 0.029681 
1 0.0830147 1 0.099608 1 0.0820048 1 0.0330137 
1 0.0752552 1 0.0790698 1 0.0649453 1 0.0329529 
1 0.0648357 1 0.0753542 1 0.0644691 1 0.022835 
