0
0
0
0
0
0
0
0
1
0
0
1000000000
0
0
0
0
0
0
0
0
0
0
0
0
0
0
0
0
0
0
0
0
0
0
0
0
0
0
0
0
0
0
0
0
0
0
0
0
0
0
0
0
0
0
0
0
0
0
0
0
0
0
0
0
0
0
0
0
0
0
0
0
0
0
0
0
0
0
0
0
0
0
0
0
0
0
0
0
0
0
0
0
0
0
0
0
0
0
0
0
0
0
0
0
0
0
0
0
0
0
0
0
0
0
0
0
0
0
0
0
0
0
0
0
0
0
0
0
0
0
0
0
0
0
0
0
0
0
0
0
0
0
0
0
0
0
0
0
0
0
0
0
0
0
0
0
0
0
0
0
0
0
0
0
0
0
0
0
0
0
0
0
0
0
0
0
0
0
0
0
0
0
0
0
0
0
0
0
0
0
0
0
0
0
0
0
0
0
0
0
0
0
0
0
0
0
0
0
0
0
0
0
0
0
0
0
0
0
0
0
0
0
0
0
0
0
0
0
0
0
0
0
0
0
0
0
0
0
0
0
0
0
0
0
0
0
0
0
0
0
0
0
0
0
0
0
0
0
0
0
0
0
0
0
0
0
0
0
0
0
1
1
1
1919116659
1
1
1
1
1
1
1
1
1
1
1
1
1
0
0
1
1
1
0
0
0
0
0
0
0
1
1
1
1
1
1
1
1
1
1
131073
1668506948
1953524082
1632465519
1
1
1
1
1667327602
1
1
1
1935895408
1093482541
1
1
1
1
1
1
1
0
0
1
1
1
1
1
1
1
1769238350
1699898723
1701995878
1
1
1
0
1
1
1
1
1
1
1
1
1
0
1
1
1
1
0
0
1
1
1
3158066
0
1
1
1
1
1
1
1
1
0
1
1
1
1
5
1
1
1
1
1
1
1
1
1
1
1
0
1
1
1
1869048897
1752459634
1701071213
1718187118
1
1
1
1886610802
1
1
1
1
1
1
1
1
1
1
1
1
1347633999
1886610770
1702063727
1
1
1
1
1
1
1
1
1
1
1
1
1
1
0
1
1
1
1
1
1
1
1
1
1
0
1
1
1
1
1
1
1
1
0
0
0
1
1
1
1
1
1
1
1
1
1
1
1
1
1
1
1
1
1
0
0
0
1
1
1
1
1
1
1
1
1
1
1
1
1
1
1
1
1
1
1
1
1
1
1
1
262145
1
1
1
1
0
0
0
0
0
0
0
0
0
