0
0
0
0
0
0
0
0
1
0
0
1000000000
0
0
0
0
0
0
0
0
0
0
0
0
0
0
0
0
0
0
0
0
0
0
0
0
0
0
0
0
0
0
0
0
0
0
0
0
0
0
0
0
0
0
0
0
0
0
0
0
0
0
0
0
0
0
0
0
0
0
0
0
0
0
0
0
0
0
0
0
0
0
0
0
0
0
0
0
0
0
0
0
0
0
0
0
0
0
0
0
0
0
0
0
0
0
0
0
0
0
0
0
0
0
0
0
0
0
0
0
0
0
0
0
0
0
0
0
0
0
0
0
0
0
0
0
0
0
0
0
0
0
0
0
0
0
0
0
0
0
0
0
0
0
0
0
0
0
0
0
0
0
0
0
0
0
0
0
0
0
0
0
0
0
0
0
0
0
0
0
0
0
0
0
0
0
0
0
0
0
0
0
0
0
0
0
0
0
0
0
0
0
0
0
0
0
0
0
0
0
0
0
0
0
0
0
0
0
0
0
0
0
0
0
0
0
0
0
0
0
0
0
0
0
0
0
0
0
0
0
0
0
0
0
0
0
0
0
0
0
0
0
0
0
0
0
0
0
0
0
0
0
0
0
0
0
0
0
0
0
1
1
1
2020569680
1
1
1
1
1
1
1
1
1
1
1
1
1
0
0
1
1
1
1768714064
1968273763
1718185057
1232233833
7300718
0
0
1
1
1
1
1
1
1
1
1
1
131073
1668506948
1953524082
1632465519
1
1
1
1
1667327602
1
1
1
1869048897
1752459634
1
1
1
1
1
1
1
1399876962
1852404340
1
1
1
1
1
1
1
1381188180
1702195557
29811
1
1
1
0
1
1
1
1
1
1
1
1
1
0
1
1
1
1
0
0
1
1
1
0
0
1
1
1
1
1
1
1
1
0
1
1
1
1
5
1
1
1
1
1
1
1
1
1
1
1
0
1
1
1
1347633999
1886610770
1702063727
1952543827
1
1
1
1852270963
1
1
1
1
1
1
1
1
1
1
1
1
1886610770
1702063727
1635017028
1
1
1
1
1
1
1
1
1
1
1
1
1
1
0
1
1
1
1
1
1
1
1
1
1
0
1
1
1
1
1
1
1
1
0
0
0
1
1
1
1
1
1
1
1
1
1
1
1
1
1
1
1
1
1
0
0
0
1
1
1
1
1
1
1
1
1
1
1
1
1
1
1
1
1
1
1
1
1
1
1
1
262145
1
1
1
1
0
0
0
0
0
0
0
0
0
