1 0.0293006 1 0.0234174 1 0.0452647 1 0.0249132 1 0.090804 1 0.0108831 1 0.0483426 1 0.00869969 
1 0.026883 1 0.00994848 1 0.0433925 1 0.0354999 1 0.0903269 1 0.00803084 1 0.0281789 1 0.00387955 
1 0.0262058 1 0.0208135 1 0.045171 1 0.0309139 1 0.0793193 1 0.0149808 1 0.0240981 1 0.00707488 
1 0.0403857 1 0.0220153 1 0.0490779 1 0.0321945 1 0.0855356 1 0.0213881 1 0.0381037 1 0.00697136 
1 0.0417618 1 0.0149399 1 0.052064 1 0.0304909 1 0.0821721 1 0.0138812 1 0.0330297 1 0.00898091 
1 0.0330747 1 0.0171189 1 0.0441088 1 0.0259354 1 0.0850284 1 0.0182699 1 0.0339069 1 0.00369166 
1 0.0334214 1 0.0254783 1 0.0455326 1 0.0341065 1 0.0832253 1 0.0172632 1 0.0453307 1 0.00597863 
1 0.0397455 1 0.0261196 1 0.0427794 1 0.0277373 1 0.081684 1 0.0192042 1 0.0416561 1 0.0049472 
1 0.0350258 1 0.0270148 1 0.0440395 1 0.0326073 1 0.0758663 1 0.0227371 1 0.0435369 1 0.00574821 
1 0.0339668 1 0.014503 1 0.0400041 1 0.02654 1 0.0864672 1 0.0232111 1 0.0527636 1 0.00288462 
1 0.0336312 1 0.0189014 1 0.0360613 1 0.0252901 1 0.0927837 1 0.00752632 1 0.0406125 1 0.00670097 
1 0.0259083 1 0.0136459 1 0.0525284 1 0.0260229 1 0.0859071 1 0.0227232 1 0.039152 1 0.00746326 
1 0.0306543 1 0.0133103 1 0.0452579 1 0.0274594 1 0.0798322 1 0.0248514 1 0.0457647 1 0.00848307 
1 0.0415989 1 0.0283398 1 0.0508099 1 0.0323056 1 0.0776362 1 0.0254295 1 0.0500673 1 0.00201239 
1 0.0205779 1 0.00391146 1 0.0394279 1 0.0242223 1 0.0803247 1 0.00777711 1 0.0428646 1 0.000776209 
1 0.0309261 1 0.0079509 1 0.0470355 1 0.0252459 1 0.0842997 1 0.00791669 1 0.0416074 1 0.000281616 
1 0.0324019 1 0.00933305 1 0.0472295 1 0.030102 1 0.0830718 1 0.00612515 1 0.0486925 1 0.00111281 
1 0.0167138 1 0.00191955 1 0.0404545 1 0.0213749 1 0.0681744 1 0.0041579 1 0.044033 1 0.000281616 
1 0.0361985 1 0.00811043 1 0.0403687 1 0.0210678 1 0.079017 1 0.012579 1 0.0516517 1 0.000666232 
1 0.0274576 1 0.0108518 1 0.0432414 1 0.0289967 1 0.0693038 1 0.00746319 1 0.0411515 1 0.00573998 
1 0.0333122 1 0.0165087 1 0.0551575 1 0.0333001 1 0.0792021 1 0.0239377 1 0.0551543 1 0.0033108 
1 0.0483817 1 0.0263379 1 0.0525358 1 0.0323236 1 0.107601 1 0.0284162 1 0.0598134 1 0.00740385 
1 0.051218 1 0.0147939 1 0.051017 1 0.0423084 1 0.102505 1 0.0311424 1 0.0635211 1 0.0158923 
1 0.0300152 1 0.000319149 1 0.0357043 1 0.0246787 1 0.0772642 1 0.00442105 1 0.0379076 1 0.00081889 
1 0.0253136 1 0.00613592 1 0.0264158 1 0.0237954 1 0.0851613 1 0.00473684 1 0.0437602 1 0.000769231 
1 0.0260416 1 0.00658593 1 0.0302623 1 0.0225343 1 0.0724407 1 0.00452632 1 0.0473108 1 0.00124316 
1 0.0291303 1 0.00665266 1 0.0342498 1 0.0231036 1 0.0762942 1 0.0116965 1 0.0453075 1 0.000576923 
1 0.0189583 1 0.00687782 1 0.0353409 1 0.0259832 1 0.0788945 1 0.00539803 1 0.0468213 1 0.00147557 
1 0.0184979 1 0.00559104 1 0.0261375 1 0.0125258 1 0.0695713 1 0.00762346 1 0.0324045 1 0.000618222 
1 0.0198049 1 0.00986776 1 0.0409144 1 0.0164422 1 0.0702622 1 0.0134135 1 0.0435644 1 0.00384741 
1 0.0407938 1 0.0184796 1 0.0576011 1 0.0331334 1 0.0911835 1 0.0279977 1 0.0455717 1 0.00876953 
1 0.0436469 1 0.0177436 1 0.0539746 1 0.0390358 1 0.090438 1 0.0301934 1 0.0548847 1 0.0091887 
1 0.0460533 1 0.024784 1 0.049994 1 0.0438774 1 0.0832835 1 0.0255237 1 0.060993 1 0.0107166 
1 0.0436133 1 0.0171452 1 0.0478389 1 0.0425343 1 0.098647 1 0.026982 1 0.0530068 1 0.00730125 
1 0.0303536 1 0.00277386 1 0.0467505 1 0.041861 1 0.0888431 1 0.00969497 1 0.0513667 1 0.000281616 
1 0.0445305 1 0.013425 1 0.0526286 1 0.0404947 1 0.0942486 1 0.020722 1 0.0557272 1 0.0116616 
1 0.0264563 1 0.0134495 1 0.0464106 1 0.0292468 1 0.0893438 1 0.0156182 1 0.0439933 1 0.00356086 
1 0.0381333 1 0.0104119 1 0.055002 1 0.0361138 1 0.0946011 1 0.0195666 1 0.0519849 1 0.00186836 
1 0.0433538 1 0.0104048 1 0.0487629 1 0.0380254 1 0.0901862 1 0.0174799 1 0.057024 1 0.00297392 
1 0.0461865 1 0.000744681 1 0.0553565 1 0.0339177 1 0.0843104 1 0.0187314 1 0.0561708 1 0.000281616 
1 0.0370607 1 0.00717137 1 0.0544303 1 0.0413511 1 0.0883112 1 0.0139753 1 0.0558641 1 0.00325209 
1 0.04082 1 0.00292471 1 0.057676 1 0.0384161 1 0.0855053 1 0.0197314 1 0.043228 1 0.000968517 
1 0.0410707 1 0.00742645 1 0.0566337 1 0.0510894 1 0.102376 1 0.0145495 1 0.0665941 1 0.00888924 
1 0.0354418 1 0.0151384 1 0.058797 1 0.0553443 1 0.105231 1 0.0145495 1 0.0742513 1 0.00839411 
1 0.0444394 1 0.00564495 1 0.0642218 1 0.0541556 1 0.111155 1 0.0148441 1 0.0840984 1 0.00840099 
1 0.044731 1 0.0131973 1 0.0633066 1 0.0528341 1 0.09875 1 0.0145495 1 0.0400147 1 0.00839411 
1 0.0321988 1 0.00273895 1 0.0424304 1 0.0329699 1 0.0940825 1 0.0145141 1 0.0447794 1 0.000728199 
1 0.0466335 1 0.00643535 1 0.0531379 1 0.0367904 1 0.090891 1 0.0176795 1 0.0436679 1 0.00124316 
1 0.0363184 1 0.00728641 1 0.0402276 1 0.0349908 1 0.0951228 1 0.0110404 1 0.0504802 1 0.0031665 
1 0.0298938 1 0.010832 1 0.0441983 1 0.0244499 1 0.0871133 1 0.0137135 1 0.0497713 1 0.00481494 
1 0.0295988 1 0.0163474 1 0.0363806 1 0.0344291 1 0.0885373 1 0.0144075 1 0.0526641 1 0.00653202 
1 0.0436133 1 0.0171452 1 0.0478389 1 0.0425343 1 0.098647 1 0.026982 1 0.0530068 1 0.00730125 
1 0.0419615 1 0.0156541 1 0.0484678 1 0.0342245 1 0.101923 1 0.0253862 1 0.0511354 1 0.00624342 
1 0.0439739 1 0.00852055 1 0.0523932 1 0.0418277 1 0.0886037 1 0.0222114 1 0.0379797 1 0.000281616 
1 0.0457437 1 0.00986414 1 0.0442256 1 0.0416737 1 0.091649 1 0.0243841 1 0.0658938 1 0.0030222 
1 0.0280578 1 0.0111328 1 0.0441581 1 0.0306784 1 0.0858696 1 0.0265062 1 0.0590431 1 0.00637138 
1 0.0394723 1 0.000744681 1 0.0468108 1 0.04067 1 0.0984186 1 0.0145516 1 0.045918 1 0.00118698 
1 0.0349242 1 0.000744681 1 0.0531935 1 0.0327955 1 0.0919493 1 0.018376 1 0.0469268 1 0.000192308 
1 0.034515 1 0.00303109 1 0.0531132 1 0.0340148 1 0.0913822 1 0.019064 1 0.0503748 1 0.000281616 
1 0.0414881 1 0.00309301 1 0.0503223 1 0.0418577 1 0.0982207 1 0.0139453 1 0.0520172 1 0.000281616 
1 0.0430085 1 0.00521112 1 0.0476121 1 0.0421786 1 0.0917553 1 0.0166339 1 0.0458179 1 0.000281616 
1 0.0433538 1 0.0104048 1 0.0487629 1 0.0380254 1 0.0901862 1 0.0174799 1 0.057024 1 0.00297392 
1 0.0421456 1 0.00252618 1 0.0562241 1 0.0338479 1 0.0880053 1 0.0187314 1 0.0584093 1 0.000281616 
1 0.0311498 1 0.00522067 1 0.054356 1 0.0381561 1 0.0913968 1 0.0220282 1 0.0460106 1 0.000281616 
1 0.0513589 1 0.0137218 1 0.059279 1 0.0354727 1 0.090869 1 0.0269815 1 0.0592174 1 0.01044 
1 0.0383154 1 0.0196747 1 0.0577582 1 0.0407032 1 0.0982447 1 0.0193723 1 0.0493815 1 0.0116346 
0 inf 0 inf 0 inf 0 inf 0 inf 0 inf 0 inf 0 inf 
0 inf 0 inf 0 inf 0 inf 0 inf 0 inf 0 inf 0 inf 
0 inf 0 inf 0 inf 0 inf 0 inf 0 inf 0 inf 0 inf 
0 inf 0 inf 0 inf 0 inf 0 inf 0 inf 0 inf 0 inf 
0 inf 0 inf 0 inf 0 inf 0 inf 0 inf 0 inf 0 inf 
0 inf 0 inf 0 inf 0 inf 0 inf 0 inf 0 inf 0 inf 
0 inf 0 inf 0 inf 0 inf 0 inf 0 inf 0 inf 0 inf 
0 inf 0 inf 0 inf 0 inf 0 inf 0 inf 0 inf 0 inf 
1 0.0560984 1 0.0427889 1 0.0685315 1 0.0473715 1 0.126009 1 0.0375186 1 0.0547742 1 0.0141852 
1 0.0419696 1 0.0403403 1 0.0698307 1 0.0406707 1 0.0932741 1 0.0321376 1 0.0747928 1 0.0083217 
1 0.0409403 1 0.0376041 1 0.0701837 1 0.0410323 1 0.0734095 1 0.0321587 1 0.058385 1 0.00652154 
1 0.0414525 1 0.0376041 1 0.0671807 1 0.041573 1 0.0734178 1 0.0331155 1 0.0553211 1 0.00652154 
0 inf 0 inf 0 inf 0 inf 0 inf 0 inf 0 inf 0 inf 
0 inf 0 inf 0 inf 0 inf 0 inf 0 inf 0 inf 0 inf 
0 inf 0 inf 0 inf 0 inf 0 inf 0 inf 0 inf 0 inf 
0 inf 0 inf 0 inf 0 inf 0 inf 0 inf 0 inf 0 inf 
1 0.0842509 1 0.0526373 1 0.0839161 1 0.0572838 1 0.0904256 1 0.0380753 1 0.0934201 1 0.0321592 
1 0.0771745 1 0.0539533 1 0.0808279 1 0.064134 1 0.0956421 1 0.0332436 1 0.0905849 1 0.0309075 
1 0.0549299 1 0.0388165 1 0.0695475 1 0.0648508 1 0.0893947 1 0.0243599 1 0.075951 1 0.0214086 
1 0.0840625 1 0.0553192 1 0.0769231 1 0.0727018 1 0.0970745 1 0.0266358 1 0.0690645 1 0.0246862 
1 0.0883852 1 0.0539533 1 0.0839161 1 0.0760963 1 0.0967338 1 0.0559227 1 0.0961397 1 0.0300303 
1 0.0883852 1 0.0539533 1 0.0839161 1 0.0763471 1 0.0967338 1 0.0581139 1 0.0974194 1 0.0287413 
1 0.0872232 1 0.0594865 1 0.0836951 1 0.0762755 1 0.0921543 1 0.0536379 1 0.09 1 0.0292829 
1 0.0860505 1 0.0509269 1 0.0839161 1 0.0607441 1 0.0904256 1 0.0296141 1 0.0915484 1 0.0307139 
1 0.0417704 1 0.0445722 1 0.0520508 1 0.0495891 1 0.0889791 1 0.0292266 1 0.0492216 1 0.00970116 
1 0.0714067 1 0.0292026 1 0.0846154 1 0.0540179 1 0.098125 1 0.0329481 1 0.0612519 1 0.0147354 
1 0.0505599 1 0.0346738 1 0.0674442 1 0.0501343 1 0.0950399 1 0.019358 1 0.0463661 1 0.0162318 
1 0.0561301 1 0.0303154 1 0.0651845 1 0.0481807 1 0.0963391 1 0.0259991 1 0.0553563 1 0.0187269 
1 0.0498016 1 0.0174649 1 0.0610857 1 0.0349448 1 0.090266 1 0.0112894 1 0.0568778 1 0.00205249 
1 0.0443957 1 0.0177276 1 0.0694667 1 0.03737 1 0.0930492 1 0.00616593 1 0.0698786 1 0.00131329 
1 0.0499136 1 0.0275517 1 0.0574593 1 0.0517833 1 0.0923537 1 0.00791757 1 0.0623871 1 0.00796629 
1 0.0364918 1 0.0327449 1 0.0479551 1 0.0370918 1 0.0854847 1 0.0138793 1 0.0521307 1 0.0149469 
1 0.0539663 1 0.00310256 1 0.0595789 1 0.0428572 1 0.0882846 1 0.0116378 1 0.0672922 1 0.00186019 
1 0.0412576 1 0.0016132 1 0.0519939 1 0.0439312 1 0.091055 1 0.0105043 1 0.0631521 1 0.000473924 
1 0.0396859 1 0.00473322 1 0.0614291 1 0.0507644 1 0.0872873 1 0.0116152 1 0.0710828 1 0.00186019 
1 0.038262 1 0.00626705 1 0.0545773 1 0.0447145 1 0.0806915 1 0.0112194 1 0.0579678 1 0.00118698 
1 0.029704 1 0.00378217 1 0.0488014 1 0.0242527 1 0.0868617 1 0.00427628 1 0.0565835 1 0.00288723 
1 0.0325064 1 0.00565017 1 0.0430715 1 0.0237245 1 0.0839134 1 0.00304079 1 0.0446257 1 0.00431204 
1 0.0342708 1 0.00637194 1 0.0453664 1 0.0392857 1 0.0765051 1 0.003725 1 0.0414032 1 0.00557692 
1 0.02875 1 0.0150532 1 0.0416783 1 0.0210204 1 0.0807489 1 0.0168259 1 0.0472115 1 0.00820112 
1 0.0272125 1 0.0131259 1 0.0326224 1 0.0231123 1 0.0540958 1 0.0149474 1 0.0416129 1 0.0116832 
1 0.0264583 1 0.0171406 1 0.0332518 1 0.0354173 1 0.0625981 1 0.0249933 1 0.0530528 1 0.0079756 
1 0.0303815 1 0.0184093 1 0.0441481 1 0.029311 1 0.0874734 1 0.0174034 1 0.0488096 1 0.00460656 
1 0.0320833 1 0.0152077 1 0.0478856 1 0.0358716 1 0.0849647 1 0.0106597 1 0.0505634 1 0.00884616 
1 0.0334418 1 0.00493845 1 0.0394293 1 0.0317416 1 0.0729033 1 0.006 1 0.0499238 1 0.00656075 
1 0.0361027 1 0.00333768 1 0.0349691 1 0.0416605 1 0.0811051 1 0.00338021 1 0.0495569 1 0.00301011 
1 0.0260928 1 0.00799454 1 0.0384809 1 0.0276202 1 0.0825665 1 0.00858419 1 0.0511314 1 0.00810539 
1 0.0235653 1 0.00718876 1 0.0259441 1 0.0296896 1 0.0911861 1 0.00674801 1 0.0344194 1 0.00951923 
1 0.0666574 1 0.0182573 1 0.0574435 1 0.0509939 1 0.0974632 1 0.0206174 1 0.0604606 1 0.00711876 
1 0.0546483 1 0.0216977 1 0.0661439 1 0.0550167 1 0.0896809 1 0.0221705 1 0.0659877 1 0.00745924 
1 0.0481276 1 0.0199275 1 0.0606657 1 0.0324808 1 0.0964145 1 0.0222458 1 0.0533665 1 0.00757616 
1 0.0451705 1 0.0199913 1 0.0580336 1 0.05012 1 0.0910506 1 0.0156457 1 0.0505996 1 0.00901533 
1 0.0440931 1 0.0212799 1 0.057549 1 0.0394016 1 0.093617 1 0.0176597 1 0.0593551 1 0.0165831 
1 0.0377604 1 0.0181188 1 0.0547396 1 0.0556602 1 0.0868424 1 0.0223614 1 0.0634832 1 0.0161246 
1 0.06559 1 0.0163059 1 0.0712722 1 0.0595197 1 0.0949468 1 0.0214589 1 0.0883871 1 0.015874 
1 0.0440812 1 0.0189085 1 0.049036 1 0.0381563 1 0.0798239 1 0.0210244 1 0.0572108 1 0.0142717 
1 0.0414703 1 0.0114021 1 0.0509344 1 0.0441026 1 0.0972679 1 0.00896433 1 0.0513631 1 0.00590682 
1 0.0404005 1 0.00806683 1 0.0478274 1 0.0471304 1 0.0943735 1 0.00836796 1 0.0537165 1 0.00532989 
1 0.0446354 1 0.0096188 1 0.0530929 1 0.0340601 1 0.0960125 1 0.00826017 1 0.0572232 1 0.00609913 
1 0.0552901 1 0.0269622 1 0.068346 1 0.0524452 1 0.092766 1 0.0231127 1 0.0503532 1 0.0152158 
1 0.0564063 1 0.0358488 1 0.0698951 1 0.0569129 1 0.0871277 1 0.0350008 1 0.0603972 1 0.0247194 
1 0.0520664 1 0.0242349 1 0.0610271 1 0.0542864 1 0.0904256 1 0.0387374 1 0.0748633 1 0.017563 
1 0.0404688 1 0.0271637 1 0.0578322 1 0.0422173 1 0.0870213 1 0.0314396 1 0.0643124 1 0.00932693 
1 0.0334896 1 0.0356383 1 0.0452385 1 0.037551 1 0.0799698 1 0.0213684 1 0.0419032 1 0.0161538 
1 0.0660988 1 0.014188 1 0.0631173 1 0.057592 1 0.0947035 1 0.02432 1 0.0680364 1 0.00671953 
1 0.0543002 1 0.011683 1 0.074021 1 0.0587328 1 0.0885107 1 0.00704045 1 0.0767916 1 0.00686045 
1 0.0349394 1 0.00910283 1 0.0766087 1 0.0509578 1 0.093883 1 0.0138264 1 0.0580998 1 0.00465695 
1 0.0405041 1 0.0213639 1 0.0723031 1 0.0482454 1 0.0974632 1 0.0131285 1 0.0497881 1 0.00932008 
1 0.0618026 1 0.016178 1 0.0701604 1 0.0580479 1 0.0885373 1 0.0277782 1 0.0756774 1 0.00905548 
1 0.0589927 1 0.00644332 1 0.0558655 1 0.0573213 1 0.0884043 1 0.0127683 1 0.0706146 1 0.00796098 
1 0.058424 1 0.0136019 1 0.0585831 1 0.0524878 1 0.0957713 1 0.0202287 1 0.067639 1 0.00728841 
1 0.0502595 1 0.00932076 1 0.054861 1 0.0526864 1 0.0823006 1 0.0161709 1 0.0595484 1 0.0061649 
1 0.0611459 1 0.0116484 1 0.0608267 1 0.0600561 1 0.0936968 1 0.01948 1 0.0681286 1 0.019046 
1 0.0486979 1 0.0160863 1 0.0552448 1 0.0554988 1 0.0835373 1 0.00942106 1 0.0631613 1 0.0143632 
1 0.0501135 1 0.0150781 1 0.0530398 1 0.0554656 1 0.0830915 1 0.0168588 1 0.0641936 1 0.0129233 
1 0.0527975 1 0.0383307 1 0.0588114 1 0.0581348 1 0.0891091 1 0.0214465 1 0.079082 1 0.0199553 
1 0.0639766 1 0.0439063 1 0.0765772 1 0.055447 1 0.0882569 1 0.0366096 1 0.0851615 1 0.0337828 
1 0.076398 1 0.0447341 1 0.0653017 1 0.0600992 1 0.1 1 0.0559231 1 0.0847904 1 0.0233414 
1 0.0918795 1 0.0527157 1 0.0823349 1 0.0585554 1 0.0967338 1 0.0395731 1 0.0974194 1 0.0314288 
1 0.0578004 1 0.0356915 1 0.0596154 1 0.0601216 1 0.0931649 1 0.0414041 1 0.0721798 1 0.020279 
1 0.0337604 1 0.0194448 1 0.0497899 1 0.0406958 1 0.0850665 1 0.0119834 1 0.0430293 1 0.00690846 
1 0.0384598 1 0.027391 1 0.0501468 1 0.0338058 1 0.084016 1 0.0106024 1 0.0486058 1 0.00856031 
1 0.0309432 1 0.0256074 1 0.0530959 1 0.0338798 1 0.0792819 1 0.0119901 1 0.0481981 1 0.00729248 
1 0.0356343 1 0.0185846 1 0.0509921 1 0.0377495 1 0.083258 1 0.0117438 1 0.0374176 1 0.00723806 
1 0.0897449 1 0.0134884 1 0.1 1 0.0751333 1 0.10207 1 0.0497477 1 0.100531 1 0.00827364 
1 0.0671354 1 0.0135527 1 0.0758621 1 0.0463272 1 0.0949468 1 0.0216783 1 0.0712258 1 0.00865559 
1 0.080048 1 0.0172507 1 0.1 1 0.0735218 1 0.10207 1 0.0440268 1 0.101053 1 0.0147017 
1 0.0985924 1 0.010574 1 0.1 1 0.0725936 1 0.10207 1 0.0557301 1 0.1 1 0.00777878 
1 0.0216863 1 0.0207296 1 0.0446104 1 0.033869 1 0.0805585 1 0.0107789 1 0.0467844 1 0.0102047 
1 0.0375051 1 0.0118593 1 0.0402205 1 0.0354082 1 0.0831857 1 0.0213666 1 0.0534349 1 0.00765154 
1 0.0232621 1 0.010334 1 0.0308101 1 0.0277677 1 0.0753458 1 0.00945592 1 0.0432223 1 0.00648374 
1 0.0362975 1 0.011186 1 0.0441937 1 0.0344383 1 0.0769016 1 0.0117204 1 0.0460604 1 0.00824698 
0 inf 0 inf 0 inf 0 inf 0 inf 0 inf 0 inf 0 inf 
0 inf 0 inf 0 inf 0 inf 0 inf 0 inf 0 inf 0 inf 
1 0.0854167 1 0.0361515 1 0.0843606 1 0.0835702 1 0.0962766 1 0.0505523 1 0.0922664 1 0.0261624 
1 0.0854167 1 0.041351 1 0.0776224 1 0.0825712 1 0.0962766 1 0.0472759 1 0.0972663 1 0.0264986 
1 0.0261458 1 0.018636 1 0.0337357 1 0.0341485 1 0.0693484 1 0.0211601 1 0.0410323 1 0.00305027 
1 0.0246609 1 0.0142165 1 0.0279021 1 0.0212339 1 0.0659091 1 0.0106751 1 0.0259095 1 0.00214878 
1 0.0187515 1 0.0196815 1 0.0254196 1 0.0122959 1 0.0625332 1 0.0130825 1 0.0315807 1 0.00301403 
1 0.016875 1 0.0209043 1 0.0398071 1 0.0219518 1 0.0592154 1 0.0170742 1 0.0240694 1 0.0052257 
1 0.0608854 1 0.0153751 1 0.0824191 1 0.0644721 1 0.0987633 1 0.0406199 1 0.0854307 1 0.0063471 
1 0.0458854 1 0.0128415 1 0.0717062 1 0.0549613 1 0.091494 1 0.0386106 1 0.0865437 1 0.00769326 
1 0.0451042 1 0.0173506 1 0.0770988 1 0.0495862 1 0.1 1 0.0328532 1 0.0658387 1 0.0115385 
1 0.0561458 1 0.00587567 1 0.0687298 1 0.0500758 1 0.0876197 1 0.0235773 1 0.0544839 1 0.00399733 
1 0.0541476 1 0.00426323 1 0.0665019 1 0.0442561 1 0.12466 1 0.0208996 1 0.0911909 1 0.000281616 
1 0.0660397 1 0.0048126 1 0.0708811 1 0.0542279 1 0.127288 1 0.020749 1 0.0849864 1 0.0025334 
1 0.0496599 1 0.00537152 1 0.0687235 1 0.042774 1 0.0960213 1 0.020888 1 0.0846967 1 0.000281616 
1 0.0567858 1 0.00698472 1 0.0710654 1 0.0403937 1 0.094268 1 0.0165623 1 0.0854192 1 0.00159372 
1 0.0497176 1 0.0186425 1 0.0539584 1 0.0556207 1 0.0878059 1 0.0141375 1 0.0951483 1 0.00636775 
1 0.0525975 1 0.0167654 1 0.0547669 1 0.0542538 1 0.0864096 1 0.0162474 1 0.0560847 1 0.00506021 
1 0.0706405 1 0.0144506 1 0.06442 1 0.0599336 1 0.103043 1 0.0303034 1 0.0807872 1 0.00624928 
1 0.0562917 1 0.0140489 1 0.0514336 1 0.0500124 1 0.0880053 1 0.0194122 1 0.0669678 1 0.00305989 
1 0.0475921 1 0.024922 1 0.0585933 1 0.0400693 1 0.0870395 1 0.0242574 1 0.0697546 1 0.0171617 
1 0.0529302 1 0.0239774 1 0.0514169 1 0.0460884 1 0.0894282 1 0.0206417 1 0.0677063 1 0.0158625 
1 0.0426623 1 0.026973 1 0.0599183 1 0.0485945 1 0.0898272 1 0.0227098 1 0.0546895 1 0.0186797 
1 0.0512182 1 0.0288198 1 0.0588978 1 0.0474666 1 0.0911802 1 0.022124 1 0.0661246 1 0.0116398 
1 0.0279943 1 0.00890834 1 0.0311713 1 0.0309133 1 0.087141 1 0.00844257 1 0.0460456 1 0.00157159 
1 0.0387928 1 0.00904013 1 0.0487835 1 0.0475081 1 0.0864838 1 0.00920393 1 0.0572581 1 0.00446464 
1 0.0374854 1 0.0049198 1 0.052453 1 0.0476902 1 0.0942022 1 0.0159646 1 0.0643077 1 0.00124316 
1 0.0291855 1 0.00490152 1 0.0327919 1 0.042735 1 0.0924734 1 0.0109817 1 0.0519345 1 0.00197833 
1 0.0790351 1 0.0358855 1 0.0776224 1 0.0546849 1 0.0904256 1 0.0372232 1 0.0972663 1 0.0282194 
1 0.0854167 1 0.0352679 1 0.0776224 1 0.0575688 1 0.0962766 1 0.0361977 1 0.0972663 1 0.0263253 
1 0.0809064 1 0.0353048 1 0.0776224 1 0.0543207 1 0.0904256 1 0.0378597 1 0.0972663 1 0.0268957 
1 0.0818356 1 0.0364011 1 0.0776224 1 0.055238 1 0.0904256 1 0.038446 1 0.0972663 1 0.0295362 
1 0.0691667 1 0.00808335 1 0.0555245 1 0.0734888 1 0.094149 1 0.0373672 1 0.0820323 1 0.00798005 
1 0.0640104 1 0.00835602 1 0.0557343 1 0.041497 1 0.0958644 1 0.032287 1 0.0811291 1 0.0129207 
1 0.0598104 1 0.00822578 1 0.0634674 1 0.0453566 1 0.0844681 1 0.0293139 1 0.0601613 1 0.00727675 
1 0.0584482 1 0.0079643 1 0.0555245 1 0.0545325 1 0.095492 1 0.0343325 1 0.0699467 1 0.00806737 
1 0.0674903 1 0.0176397 1 0.0439208 1 0.0557633 1 0.0953325 1 0.013352 1 0.066075 1 0.00727437 
1 0.060921 1 0.0215923 1 0.06531 1 0.0452476 1 0.0908245 1 0.0089873 1 0.0568761 1 0.0154047 
1 0.0656828 1 0.017587 1 0.070205 1 0.049489 1 0.1 1 0.0189301 1 0.0642248 1 0.0169702 
1 0.060061 1 0.0191743 1 0.0632568 1 0.0556815 1 0.092274 1 0.0211178 1 0.0568948 1 0.00956934 
1 0.0854167 1 0.0305194 1 0.0839161 1 0.0471143 1 0.0904256 1 0.0428964 1 0.0982625 1 0.0173467 
1 0.0854167 1 0.0334537 1 0.0783217 1 0.0756319 1 0.0904256 1 0.0427936 1 0.1 1 0.014591 
1 0.0854167 1 0.0355968 1 0.0823349 1 0.0773103 1 0.0962766 1 0.0454147 1 0.0974194 1 0.0171544 
1 0.0456738 1 0.033223 1 0.0552251 1 0.0465173 1 0.0836303 1 0.0382105 1 0.0582581 1 0.0141346 
1 0.0854167 1 0.0271634 1 0.0776224 1 0.0594887 1 0.0904256 1 0.0444386 1 0.0972663 1 0.01451 
1 0.0854167 1 0.0252777 1 0.0783217 1 0.0594887 1 0.0904256 1 0.039244 1 0.0988245 1 0.0136956 
1 0.0854167 1 0.0293885 1 0.0776224 1 0.0594887 1 0.0904256 1 0.0449649 1 0.0972663 1 0.011583 
1 0.0854167 1 0.0275811 1 0.0783217 1 0.0594887 1 0.0904256 1 0.0449649 1 0.096982 1 0.0183272 
1 0.0144792 1 0.00761429 1 0.0482461 1 0.0188265 1 0.0830678 1 0.0182177 1 0.047934 1 0.00195621 
1 0.0201173 1 0.00937895 1 0.0458313 1 0.0247959 1 0.0663298 1 0.0137702 1 0.0321604 1 0.0048891 
1 0.0234375 1 0.00829435 1 0.0407592 1 0.0335879 1 0.0781576 1 0.0105716 1 0.0448369 1 0.00282173 
1 0.0364181 1 0.00708897 1 0.0403472 1 0.0314427 1 0.0768084 1 0.0132641 1 0.0441239 1 0.0016196 
1 0.0401785 1 0.00898772 1 0.0490997 1 0.0425773 1 0.0771011 1 0.0175122 1 0.0538848 1 0.00556231 
1 0.0340329 1 0.00676757 1 0.0523379 1 0.0378143 1 0.0778458 1 0.00807878 1 0.0522129 1 0.00157159 
1 0.0278221 1 0.00587492 1 0.0523312 1 0.0330025 1 0.0782713 1 0.0178702 1 0.0521472 1 0.00277371 
1 0.0379247 1 0.0110304 1 0.0414128 1 0.0309951 1 0.0890981 1 0.0116282 1 0.046309 1 0.00323105 
1 0.0565316 1 0.0068073 1 0.0463811 1 0.0535454 1 0.0920213 1 0.00414706 1 0.0832728 1 0.00351679 
1 0.0317708 1 0.0068073 1 0.0365001 1 0.029898 1 0.0681649 1 0.00414706 1 0.0416129 1 0.00351679 
1 0.0533644 1 0.0064528 1 0.0439845 1 0.0539449 1 0.0920213 1 0.00443985 1 0.0909678 1 0.00380539 
1 0.0457813 1 0.00857964 1 0.0493685 1 0.0425392 1 0.0705186 1 0.00742038 1 0.0478196 1 0.00883389 
1 0.0282839 1 0.00698472 1 0.0514253 1 0.0306345 1 0.0733245 1 0.0183629 1 0.0480968 1 0.00133931 
1 0.0334335 1 0.0196139 1 0.039098 1 0.0237153 1 0.0737824 1 0.0225691 1 0.0427154 1 0.00442308 
1 0.0322937 1 0.0149429 1 0.041756 1 0.0327671 1 0.0728325 1 0.013529 1 0.0403998 1 0.00528846 
1 0.0293297 1 0.0157743 1 0.0516729 1 0.0214852 1 0.0823915 1 0.0187806 1 0.0510206 1 0.00867453 
1 0.0377083 1 0.0146986 1 0.0454196 1 0.0284437 1 0.0751729 1 0.011255 1 0.0378379 1 0.00695647 
1 0.0387892 1 0.0123679 1 0.0491259 1 0.0417508 1 0.0830984 1 0.0154652 1 0.0515808 1 0.00710077 
1 0.0358382 1 0.0140017 1 0.0425974 1 0.0330395 1 0.0781649 1 0.0202939 1 0.0464839 1 0.00777398 
1 0.0300961 1 0.0151535 1 0.0466566 1 0.0239796 1 0.0819681 1 0.0122632 1 0.0479224 1 0.0054638 
1 0.0318205 1 0.0116037 1 0.0413987 1 0.0321 1 0.0761739 1 0.0103174 1 0.0487305 1 0.00236171 
1 0.0392355 1 0.0127556 1 0.0622559 1 0.0391627 1 0.0862367 1 0.0187821 1 0.0495402 1 0.00118698 
1 0.0299121 1 0.0126456 1 0.0422727 1 0.0327593 1 0.0613963 1 0.0180101 1 0.047722 1 0.00301403 
1 0.0306748 1 0.00846094 1 0.0357312 1 0.0327233 1 0.0838298 1 0.0123999 1 0.047488 1 0.00262942 
1 0.0335425 1 0.00468085 1 0.029756 1 0.0319338 1 0.0762633 1 0.0175034 1 0.0438337 1 0.000384615 
1 0.0276042 1 0.0153378 1 0.048331 1 0.0305166 1 0.0859309 1 0.0133579 1 0.045643 1 0.00578086 
1 0.0328748 1 0.0065229 1 0.03576 1 0.0317713 1 0.0730585 1 0.0166529 1 0.0414789 1 0.00428354 
1 0.0326042 1 0.0189686 1 0.0433153 1 0.0271024 1 0.0765804 1 0.0219599 1 0.0322581 1 0.00691368 
1 0.0297396 1 0.0147621 1 0.0325525 1 0.0327041 1 0.0695612 1 0.0113106 1 0.0415624 1 0.00941343 
1 0.0226563 1 0.0211702 1 0.0360028 1 0.0324563 1 0.0626463 1 0.0182105 1 0.035871 1 0.00923077 
1 0.0268229 1 0.0305851 1 0.048042 1 0.0378572 1 0.0735136 1 0.0340449 1 0.0513193 1 0.0191343 
1 0.0374797 1 0.0312937 1 0.0503846 1 0.0416277 1 0.0880968 1 0.0352331 1 0.0611879 1 0.0167811 
1 0.0528125 1 0.0227467 1 0.054193 1 0.0407896 1 0.0865426 1 0.0267369 1 0.0656452 1 0.0162404 
1 0.0400191 1 0.0233729 1 0.0612541 1 0.0455161 1 0.0872192 1 0.0209763 1 0.0443744 1 0.018278 
1 0.0473542 1 0.0312415 1 0.0752228 1 0.0504806 1 0.087899 1 0.034506 1 0.0618624 1 0.0253092 
1 0.0423608 1 0.0184895 1 0.0652939 1 0.0389918 1 0.0865559 1 0.042614 1 0.0568791 1 0.0219985 
1 0.0429383 1 0.0156942 1 0.0654416 1 0.0391639 1 0.0905851 1 0.0237612 1 0.0525631 1 0.0107115 
1 0.0377632 1 0.0256743 1 0.0619294 1 0.0340524 1 0.0858743 1 0.0155134 1 0.0555807 1 0.0142308 
1 0.0423023 1 0.0210691 1 0.0574752 1 0.0389023 1 0.0855718 1 0.00897546 1 0.0620794 1 0.0112552 
1 0.0329426 1 0.0143684 1 0.0476196 1 0.0447372 1 0.0903494 1 0.0159903 1 0.0576176 1 0.0165757 
1 0.0584607 1 0.0721705 1 0.0979622 1 0.0715776 1 0.0958961 1 0.0602426 1 0.0849538 1 0.040849 
1 0.0645678 1 0.0684173 1 0.0942312 1 0.0670541 1 0.0863754 1 0.0628582 1 0.0877633 1 0.0459155 
0 inf 0 inf 0 inf 0 inf 0 inf 0 inf 0 inf 0 inf 
0 inf 0 inf 0 inf 0 inf 0 inf 0 inf 0 inf 0 inf 
1 0.084341 1 0.00559176 1 0.119552 1 0.0659906 1 0.189994 1 0.0203183 1 0.101136 1 0.0176826 
1 0.109922 1 0.00550333 1 0.0955987 1 0.0902768 1 0.211045 1 0.0197781 1 0.13137 1 0.011583 
1 0.107727 1 0.00617799 1 0.0953831 1 0.0929791 1 0.20221 1 0.0203183 1 0.133594 1 0.0176462 
1 0.105591 1 0.00903142 1 0.0986612 1 0.0903982 1 0.205401 1 0.0200836 1 0.13137 1 0.011583 
1 0.0553854 1 0.025059 1 0.0800889 1 0.0489253 1 0.145663 1 0.0258237 1 0.0771165 1 0.0117921 
1 0.100971 1 0.0156199 1 0.102873 1 0.0690716 1 0.16692 1 0.0248422 1 0.0937385 1 0.0302775 
1 0.0490572 1 0.017673 1 0.0805901 1 0.0547151 1 0.144018 1 0.016936 1 0.090867 1 0.0124669 
1 0.0510539 1 0.016432 1 0.0573974 1 0.0474685 1 0.12595 1 0.0148421 1 0.104886 1 0.0107069 
1 0.0921572 1 0.0074895 1 0.0970009 1 0.0629904 1 0.165158 1 0.0171992 1 0.0912465 1 0.0121169 
1 0.0516159 1 0.0134458 1 0.0714404 1 0.0562965 1 0.109469 1 0.0164347 1 0.0874875 1 0.0165335 
1 0.0502359 1 0.0253036 1 0.083117 1 0.0532932 1 0.13003 1 0.0277939 1 0.0859895 1 0.0197164 
1 0.0523502 1 0.021021 1 0.0740693 1 0.0324642 1 0.131991 1 0.0231583 1 0.0848334 1 0.00127629 
1 0.0758983 1 0.0542553 1 0.0783217 1 0.0709321 1 0.092651 1 0.0526316 1 0.0929032 1 0.041646 
1 0.0716789 1 0.0585106 1 0.0783217 1 0.0712903 1 0.092651 1 0.0516876 1 0.0929032 1 0.0453956 
1 0.0789904 1 0.0585106 1 0.0783217 1 0.0666177 1 0.092651 1 0.0546512 1 0.0929032 1 0.0554379 
1 0.0794189 1 0.0531915 1 0.0783217 1 0.0737033 1 0.092651 1 0.0505263 1 0.0929032 1 0.0475726 
1 0.083103 1 0.0640146 1 0.0870738 1 0.0584311 1 0.0914462 1 0.0582036 1 0.0940676 1 0.0542106 
1 0.0784657 1 0.0557789 1 0.0783217 1 0.0758236 1 0.092651 1 0.0526316 1 0.0929032 1 0.0508911 
1 0.0834788 1 0.0553192 1 0.0783217 1 0.0660084 1 0.092651 1 0.0526316 1 0.0890645 1 0.0303846 
1 0.0724081 1 0.0585106 1 0.0783217 1 0.0571019 1 0.092651 1 0.0526316 1 0.0882179 1 0.0470984 
0 inf 0 inf 0 inf 0 inf 0 inf 0 inf 0 inf 0 inf 
1 0.0616526 1 0.0690023 1 0.0861639 1 0.0731579 1 0.0835508 1 0.0670287 1 0.069517 1 0.0365804 
1 0.0681252 1 0.0712681 1 0.0932664 1 0.0692646 1 0.0826036 1 0.0628582 1 0.0832613 1 0.0438594 
1 0.0684618 1 0.075309 1 0.0901764 1 0.0671475 1 0.0900869 1 0.0628582 1 0.0916188 1 0.0512455 
1 0.0275367 1 0.0271225 1 0.0514895 1 0.0342169 1 0.0640454 1 0.0187826 1 0.0385703 1 0.00884616 
1 0.0273545 1 0.01625 1 0.0455545 1 0.0272917 1 0.0726197 1 0.0112632 1 0.0393555 1 0.00339313 
1 0.0264583 1 0.0237737 1 0.0508515 1 0.0319342 1 0.0657125 1 0.0195005 1 0.0388394 1 0.0064365 
1 0.0256125 1 0.0232306 1 0.0453434 1 0.0208485 1 0.075698 1 0.0246988 1 0.0381975 1 0.00763772 
1 0.0241198 1 0.00475661 1 0.0533028 1 0.0278149 1 0.0826995 1 0.0128834 1 0.0411765 1 0.00178025 
1 0.0269737 1 0.0094385 1 0.04808 1 0.0282792 1 0.0800383 1 0.0224935 1 0.0547746 1 0.0056665 
1 0.0388021 1 0.0116473 1 0.0517912 1 0.0252948 1 0.0851555 1 0.0224577 1 0.0501868 1 0.00481494 
1 0.0389039 1 0.0157367 1 0.0411407 1 0.0379983 1 0.0914753 1 0.0186318 1 0.0574335 1 0.00664567 
1 0.0310518 1 0.0149468 1 0.0346853 1 0.0397812 1 0.0859025 1 0.0106842 1 0.053441 1 0.000610053 
1 0.0285679 1 0.0101274 1 0.0408437 1 0.0354704 1 0.0870479 1 0.0128453 1 0.0440978 1 0.00378353 
1 0.0340214 1 0.0182717 1 0.0459051 1 0.0313265 1 0.0850217 1 0.0198947 1 0.0473129 1 0.00723835 
1 0.0226042 1 0.00941329 1 0.0267462 1 0.0246604 1 0.0793344 1 0.00836532 1 0.0507891 1 0.00229281 
1 0.0407556 1 0.00751675 1 0.0426463 1 0.0325684 1 0.081833 1 0.0132508 1 0.0458612 1 0.00259615 
1 0.0398258 1 0.0152904 1 0.0383417 1 0.0385411 1 0.0822607 1 0.0175986 1 0.0531679 1 0.00445647 
1 0.0264583 1 0.0139741 1 0.0383069 1 0.035913 1 0.0706555 1 0.00915718 1 0.0498939 1 0.0052257 
1 0.0303326 1 0.00927037 1 0.0521437 1 0.0467637 1 0.0924203 1 0.0183804 1 0.0533846 1 0.00197833 
1 0.0193288 1 0.00779879 1 0.045385 1 0.0240422 1 0.0911817 1 0.0178947 1 0.0302843 1 0.00202634 
1 0.0216311 1 0.00917304 1 0.0541958 1 0.0395054 1 0.0829256 1 0.0154282 1 0.0439678 1 0.00403846 
1 0.0418378 1 0.00756901 1 0.0465021 1 0.0362422 1 0.0812367 1 0.0150952 1 0.0487072 1 0.00403202 
1 0.0350074 1 0.00655906 1 0.0336074 1 0.0324168 1 0.0789766 1 0.0135288 1 0.0487564 1 0.00632044 
1 0.0421189 1 0.0118487 1 0.0544395 1 0.0370517 1 0.0750856 1 0.0142708 1 0.0516335 1 0.00463966 
1 0.0391333 1 0.00705907 1 0.0457958 1 0.0353875 1 0.0764654 1 0.0114756 1 0.0442166 1 0.0034238 
1 0.0349588 1 0.0149932 1 0.0454878 1 0.0335009 1 0.0779689 1 0.0145845 1 0.0502453 1 0.00118698 
1 0.0208691 1 0.0128707 1 0.0417454 1 0.0287782 1 0.072536 1 0.0105625 1 0.060674 1 0.00085854 
1 0.0328755 1 0.00675881 1 0.0408645 1 0.0322598 1 0.0807335 1 0.0130849 1 0.040835 1 0.00280609 
1 0.0254737 1 0.0192652 1 0.0566964 1 0.0333716 1 0.0887403 1 0.0161758 1 0.059382 1 0.00678217 
1 0.0405573 1 0.0204512 1 0.0544654 1 0.0369182 1 0.0736303 1 0.0197098 1 0.0414524 1 0.00797419 
1 0.0189583 1 0.0228191 1 0.042191 1 0.0337761 1 0.0789312 1 0.021644 1 0.048512 1 0.00459571 
1 0.0276563 1 0.0210395 1 0.0442765 1 0.0279581 1 0.0759628 1 0.0216364 1 0.0356385 1 0.0128852 
1 0.0350895 1 0.0144052 1 0.043042 1 0.0426639 1 0.0880186 1 0.0149048 1 0.0497021 1 0.00728636 
1 0.0274479 1 0.0115091 1 0.0372443 1 0.0289152 1 0.0697237 1 0.00910527 1 0.0474542 1 0.00532989 
1 0.0271354 1 0.00953709 1 0.0473869 1 0.035 1 0.0846277 1 0.0180181 1 0.0525151 1 0.00402488 
1 0.0308133 1 0.0105911 1 0.0291536 1 0.030909 1 0.0759309 1 0.0123855 1 0.0534329 1 0.00519955 
1 0.0360913 1 0.0122627 1 0.0529974 1 0.0378037 1 0.0833561 1 0.0203293 1 0.0622903 1 0.00828581 
1 0.0230729 1 0.0200629 1 0.0552098 1 0.0267347 1 0.0895878 1 0.00921053 1 0.0545073 1 0.00456066 
1 0.032469 1 0.0151264 1 0.0525788 1 0.0423759 1 0.0911835 1 0.0217464 1 0.0514678 1 0.00721249 
1 0.0454336 1 0.0186262 1 0.056752 1 0.0452261 1 0.0887412 1 0.0228883 1 0.0650869 1 0.00653202 
1 0.0306024 1 0.0138515 1 0.0513287 1 0.0414987 1 0.0848435 1 0.0153702 1 0.0494143 1 0.00388772 
1 0.0406379 1 0.0108129 1 0.0486505 1 0.0379323 1 0.0808511 1 0.014464 1 0.0468104 1 0.0037091 
1 0.03888 1 0.00952069 1 0.0592188 1 0.0405919 1 0.0847158 1 0.0193722 1 0.049327 1 0.000391594 
1 0.0372917 1 0.0116055 1 0.0410549 1 0.0348314 1 0.0843726 1 0.0170481 1 0.044883 1 0.0014674 
1 0.0403565 1 0.00711182 1 0.0518848 1 0.0315026 1 0.0819282 1 0.00847369 1 0.0517836 1 0.00616191 
1 0.0396548 1 0.0130014 1 0.0499884 1 0.0372126 1 0.0888697 1 0.00970626 1 0.0570104 1 0.000281616 
1 0.0320195 1 0.0152554 1 0.0571354 1 0.0399144 1 0.0841623 1 0.0151066 1 0.0504814 1 0.00637955 
1 0.0486487 1 0.0298624 1 0.0627546 1 0.0450759 1 0.0952996 1 0.015273 1 0.0654239 1 0.012779 
1 0.0447927 1 0.018783 1 0.0611716 1 0.0449332 1 0.0937101 1 0.0114737 1 0.06188 1 0.0125962 
1 0.0422982 1 0.025885 1 0.0658049 1 0.0457305 1 0.0885506 1 0.0228737 1 0.0656529 1 0.00859939 
1 0.0436565 1 0.0156378 1 0.0644807 1 0.0372941 1 0.0950665 1 0.0157925 1 0.0637406 1 0.0129594 
1 0.0454668 1 0.0171612 1 0.0631801 1 0.0447767 1 0.0885107 1 0.0166316 1 0.0622488 1 0.0102339 
1 0.0289012 1 0.00958073 1 0.0469823 1 0.0334757 1 0.0891562 1 0.00976515 1 0.0480383 1 0.00273361 
1 0.0268471 1 0.00597781 1 0.0366756 1 0.0291788 1 0.07527 1 0.00842823 1 0.0423397 1 0.00085854 
1 0.0363697 1 0.00707942 1 0.030868 1 0.0241012 1 0.0749222 1 0.0102509 1 0.0414764 1 0.00154156 
1 0.0322429 1 0.00333853 1 0.0419607 1 0.0130102 1 0.0600798 1 0.00976553 1 0.051559 1 0.00112515 
1 0.0253046 1 0.00669722 1 0.0278412 1 0.0296298 1 0.0902261 1 0.00959084 1 0.0490863 1 0.00118698 
1 0.0349511 1 0.00270311 1 0.047177 1 0.0293746 1 0.0909333 1 0.0178724 1 0.0470871 1 0.000241967 
1 0.0353851 1 0.00390739 1 0.0465069 1 0.0319377 1 0.0820336 1 0.0176596 1 0.0497409 1 9.93699e-05 
1 0.0325561 1 0.00724588 1 0.0518647 1 0.0343998 1 0.0912512 1 0.0138027 1 0.0534448 1 0.00585881 
1 0.0241667 1 0.0132403 1 0.0423511 1 0.0277425 1 0.0792073 1 0.00621303 1 0.0552315 1 0.00307692 
1 0.0341613 1 0.00506981 1 0.0509702 1 0.0385925 1 0.10039 1 0.0139311 1 0.0494633 1 0.00541141 
1 0.0363175 1 0.0176231 1 0.0483663 1 0.0362648 1 0.1 1 0.0120661 1 0.0562213 1 0.00586539 
1 0.0465625 1 0.0271938 1 0.0579967 1 0.0397917 1 0.0861569 1 0.0273049 1 0.0594714 1 0.0183405 
1 0.0411984 1 0.0168686 1 0.0479167 1 0.0277636 1 0.0875798 1 0.0124737 1 0.0599617 1 0.0135178 
1 0.0444638 1 0.0159211 1 0.0579956 1 0.0371635 1 0.0845745 1 0.0153257 1 0.0588109 1 0.0137977 
1 0.0446692 1 0.00914894 1 0.0555116 1 0.0326526 1 0.0912792 1 0.00757895 1 0.046719 1 0.007612 
1 0.0406875 1 0.0201877 1 0.0546591 1 0.0408459 1 0.0921377 1 0.0185704 1 0.0623171 1 0.0133845 
1 0.0473769 1 0.01749 1 0.0608594 1 0.0396962 1 0.0964824 1 0.0149479 1 0.0660924 1 0.013487 
1 0.0436453 1 0.019876 1 0.0588659 1 0.0304307 1 0.0969264 1 0.0211292 1 0.0460334 1 0.0134044 
1 0.0322465 1 0.0230139 1 0.0513916 1 0.0341914 1 0.0854521 1 0.0237723 1 0.0595484 1 0.00882175 
1 0.0427364 1 0.0188916 1 0.0563607 1 0.0382663 1 0.0956105 1 0.0153037 1 0.0587458 1 0.00932008 
1 0.0447927 1 0.0191794 1 0.0582243 1 0.0354138 1 0.0948936 1 0.0134211 1 0.0586453 1 0.0166768 
1 0.0432563 1 0.0271184 1 0.0644764 1 0.0374809 1 0.0923636 1 0.0169474 1 0.0626466 1 0.00874369 
1 0.0436565 1 0.0156378 1 0.062405 1 0.0372941 1 0.0950665 1 0.0157925 1 0.0636438 1 0.00439792 
1 0.0214719 1 0.00583146 1 0.022167 1 0.0256936 1 0.0825281 1 0.00652632 1 0.0370745 1 0.00258846 
1 0.0360326 1 0.0218785 1 0.049159 1 0.0327533 1 0.0731777 1 0.0221461 1 0.0401039 1 0.00589088 
1 0.0358385 1 0.0176089 1 0.0508662 1 0.0343583 1 0.0806552 1 0.00509605 1 0.0472438 1 0.00767796 
1 0.0323782 1 0.015468 1 0.0488492 1 0.0350578 1 0.0895449 1 0.00731579 1 0.0438162 1 0.0039977 
1 0.035886 1 0.0055019 1 0.0466765 1 0.0318253 1 0.0723552 1 0.0109843 1 0.0521454 1 0.000281616 
1 0.0279091 1 0.0129601 1 0.0481935 1 0.0288072 1 0.0685768 1 0.0103684 1 0.0543089 1 0.000947848 
1 0.0326678 1 0.00891895 1 0.0483191 1 0.0352993 1 0.0733799 1 0.015061 1 0.0427865 1 0.000281616 
1 0.0386569 1 0.019435 1 0.0457835 1 0.037471 1 0.0751161 1 0.0187676 1 0.051851 1 0.00568468 
1 0.0338008 1 0.0104374 1 0.0439525 1 0.0234567 1 0.0628769 1 0.00923204 1 0.054917 1 0.00259615 
1 0.0173395 1 0.00433233 1 0.0465774 1 0.0328323 1 0.0820603 1 0.0102381 1 0.0494164 1 0.000802361 
1 0.0359296 1 0.0263513 1 0.0483654 1 0.0354487 1 0.084539 1 0.0215838 1 0.0522048 1 0.01162 
1 0.0335804 1 0.0187379 1 0.0534171 1 0.0292487 1 0.0827928 1 0.0114062 1 0.0537051 1 0.00616853 
1 0.0358771 1 0.0231233 1 0.0524205 1 0.0317668 1 0.0847133 1 0.0204645 1 0.0539634 1 0.0060982 
1 0.0285882 1 0.0199885 1 0.0530884 1 0.0313132 1 0.0844343 1 0.0145417 1 0.0607091 1 0.00559658 
1 0.0423074 1 0.0196376 1 0.0502101 1 0.0381388 1 0.0876684 1 0.0235327 1 0.05336 1 0.0080665 
1 0.0254057 1 0.00752507 1 0.0314715 1 0.0232877 1 0.0765919 1 0.00408326 1 0.0552054 1 0.00085854 
1 0.0379533 1 0.0104675 1 0.0501212 1 0.0361794 1 0.083386 1 0.0176899 1 0.046915 1 0.00773077 
1 0.0431866 1 0.0157073 1 0.0558751 1 0.0402278 1 0.0904191 1 0.00952632 1 0.0456093 1 0.00888977 
1 0.0405383 1 0.0112406 1 0.0523673 1 0.0165862 1 0.0819081 1 0.010095 1 0.0545375 1 0.0031665 
1 0.0382909 1 0.0129319 1 0.0570297 1 0.0345215 1 0.0820577 1 0.0196363 1 0.0444103 1 0.00332449 
1 0.0268406 1 0.00465384 1 0.0518867 1 0.0357535 1 0.0859643 1 0.0215461 1 0.0502704 1 0.000281616 
1 0.0371481 1 0.00628437 1 0.0517542 1 0.0286459 1 0.0786344 1 0.0110526 1 0.0467635 1 0.00217064 
1 0.0356099 1 0.0161603 1 0.0555212 1 0.0322873 1 0.0864336 1 0.0203571 1 0.0485143 1 0.00180787 
1 0.0272916 1 0.0145875 1 0.0418583 1 0.0299091 1 0.085444 1 0.00471484 1 0.0554878 1 0.00545906 
1 0.0296432 1 0.0137583 1 0.0434972 1 0.0253571 1 0.07873 1 0.0155286 1 0.0419383 1 0.00221328 
1 0.0266067 1 0.00674547 1 0.047848 1 0.0334079 1 0.0752128 1 0.0142867 1 0.0470909 1 0.000994669 
1 0.0352253 1 0.0119258 1 0.0426452 1 0.0326435 1 0.0685631 1 0.0106842 1 0.0415669 1 0.00332449 
1 0.0336412 1 0.0093617 1 0.0434792 1 0.0264844 1 0.0617283 1 0.00563158 1 0.043861 1 0.000391594 
1 0.0146759 1 0.00455988 1 0.0303518 1 0.0246343 1 0.0739503 1 0.00831579 1 0.0530472 1 0.000192308 
1 0.0300842 1 0.00350623 1 0.0362688 1 0.0303842 1 0.0659522 1 0.00367262 1 0.0486695 1 0.0027257 
1 0.036084 1 0.0170967 1 0.0481623 1 0.0381856 1 0.0688582 1 0.0226526 1 0.0438274 1 0.00908003 
1 0.0318225 1 0.0164278 1 0.0502797 1 0.0356123 1 0.0852267 1 0.0229432 1 0.0509309 1 0.00630539 
1 0.0382033 1 0.0149808 1 0.0563148 1 0.0341108 1 0.0811037 1 0.0190988 1 0.0510778 1 0.00470496 
1 0.0326359 1 0.0195155 1 0.0603779 1 0.0310753 1 0.0802592 1 0.00845879 1 0.057278 1 0.000281616 
1 0.0348801 1 0.00986679 1 0.0503922 1 0.0283011 1 0.0865114 1 0.00929837 1 0.0521205 1 0.000618222 
1 0.0294465 1 0.022989 1 0.0387087 1 0.0290501 1 0.0788431 1 0.0240479 1 0.0475479 1 0.0104242 
1 0.0419555 1 0.01692 1 0.05323 1 0.0361277 1 0.0813195 1 0.018917 1 0.0547128 1 0.00990385 
1 0.0387835 1 0.0145079 1 0.0475561 1 0.0311789 1 0.0814941 1 0.015166 1 0.0510237 1 0.0130304 
1 0.0391317 1 0.0217592 1 0.0451655 1 0.0327808 1 0.0913761 1 0.0229553 1 0.0455849 1 0.0098978 
1 0.0322113 1 0.0180629 1 0.0477652 1 0.0238467 1 0.0835904 1 0.00989474 1 0.0497421 1 0.000776209 
1 0.0385458 1 0.012241 1 0.0537465 1 0.0328938 1 0.0962766 1 0.0175747 1 0.0565762 1 0.00840379 
1 0.0400096 1 0.0169384 1 0.0485624 1 0.0378859 1 0.0888564 1 0.0157368 1 0.0525848 1 0.00727459 
1 0.0358855 1 0.0124789 1 0.0478671 1 0.0390244 1 0.096758 1 0.011 1 0.0486774 1 0.00105769 
1 0.0447959 1 0.0110491 1 0.0549415 1 0.0364616 1 0.0896942 1 0.0162493 1 0.0570951 1 0.00606492 
1 0.0349407 1 0.0116181 1 0.0445591 1 0.0355014 1 0.084242 1 0.0140305 1 0.0535387 1 0.00589892 
1 0.0338728 1 0.00582406 1 0.0570082 1 0.03511 1 0.0888298 1 0.016579 1 0.0527251 1 0.00118698 
1 0.026875 1 0.00651303 1 0.0364918 1 0.0244176 1 0.0880094 1 0.0115118 1 0.0509438 1 0.00705717 
1 0.0460644 1 0.0106214 1 0.0616531 1 0.034573 1 0.0909373 1 0.0171368 1 0.0516935 1 0.000666232 
1 0.0386036 1 0.0178081 1 0.0515734 1 0.0410166 1 0.0820604 1 0.0205083 1 0.0540833 1 0.00437356 
1 0.0423188 1 0.0247127 1 0.0507998 1 0.0453073 1 0.0899516 1 0.0230457 1 0.0474808 1 0.00533852 
1 0.033596 1 0.0181016 1 0.0583479 1 0.0344064 1 0.0897325 1 0.022305 1 0.0521181 1 0.00841743 
1 0.0370313 1 0.017734 1 0.0298897 1 0.0266846 1 0.0835119 1 0.0129537 1 0.0501625 1 0.00835182 
1 0.0409061 1 0.0160106 1 0.0483609 1 0.0345377 1 0.0776502 1 0.0167691 1 0.0432759 1 0.00648921 
1 0.0348772 1 0.0147205 1 0.0399162 1 0.0326598 1 0.0701035 1 0.00715791 1 0.0406056 1 0.00253313 
1 0.0271354 1 0.00953709 1 0.0473869 1 0.035 1 0.0846277 1 0.0180181 1 0.0525151 1 0.00402488 
1 0.0308133 1 0.0105911 1 0.0291536 1 0.030909 1 0.0759309 1 0.0123855 1 0.0534329 1 0.00519955 
1 0.0360913 1 0.0122627 1 0.0529974 1 0.0378037 1 0.0833561 1 0.0203293 1 0.0622903 1 0.00828581 
1 0.0230729 1 0.0200629 1 0.0552098 1 0.0267347 1 0.0895878 1 0.00921053 1 0.0545073 1 0.00456066 
1 0.0280208 1 0.0235371 1 0.0434363 1 0.0213305 1 0.065521 1 0.0231472 1 0.0409295 1 0.00666253 
1 0.0145003 1 0.0190716 1 0.0427484 1 0.0275845 1 0.0672976 1 0.0200179 1 0.0443707 1 0.00129948 
1 0.0187487 1 0.00945636 1 0.0386605 1 0.015051 1 0.072278 1 0.00821006 1 0.0516143 1 0.00404571 
1 0.011335 1 0.00857717 1 0.0279667 1 0.0142347 1 0.0719483 1 0.0111732 1 0.0328216 1 0.00243733 
1 0.0342257 1 0.0219351 1 0.0416041 1 0.0348338 1 0.074987 1 0.0176126 1 0.0409171 1 0.000281616 
1 0.0209375 1 0.0265429 1 0.024056 1 0.0257477 1 0.072637 1 0.0195196 1 0.0360385 1 0.0081665 
1 0.0299181 1 0.0089877 1 0.0509339 1 0.0292155 1 0.0756886 1 0.0154737 1 0.0437972 1 0.00483826 
1 0.0261672 1 0.0161202 1 0.0482097 1 0.0270153 1 0.079697 1 0.0190078 1 0.0568275 1 0.00846154 
1 0.0334401 1 0.0151893 1 0.0498752 1 0.0219064 1 0.0788147 1 0.017862 1 0.0513062 1 0.00374342 
1 0.0198875 1 0.00306464 1 0.0353965 1 0.0286435 1 0.0831516 1 0.00672311 1 0.0426734 1 0.000666232 
1 0.0450503 1 0.0141592 1 0.0599041 1 0.0351667 1 0.0735107 1 0.0129617 1 0.0448988 1 0.00733724 
1 0.0380861 1 0.0198808 1 0.0557348 1 0.0407034 1 0.0896868 1 0.0173294 1 0.062 1 0.011207 
1 0.0420833 1 0.0129927 1 0.0496704 1 0.0284807 1 0.0814754 1 0.0104209 1 0.0484187 1 0.0103368 
1 0.0346354 1 0.015281 1 0.0561158 1 0.0313644 1 0.0851963 1 0.0118012 1 0.0511834 1 0.0104874 
1 0.0460464 1 0.0199111 1 0.0521429 1 0.0340304 1 0.0821227 1 0.0204527 1 0.0518551 1 0.0107447 
1 0.0406608 1 0.000851064 1 0.0487546 1 0.0375526 1 0.1 1 0.00989991 1 0.0590004 1 0.00124316 
1 0.0266823 1 0.00388216 1 0.0369849 1 0.0368637 1 0.089149 1 0.0084319 1 0.0498345 1 0.000281616 
1 0.0329793 1 0.00203873 1 0.0468241 1 0.0370117 1 0.0979123 1 0.0143137 1 0.0416356 1 0.00149241 
1 0.0312287 1 0.0100965 1 0.0463287 1 0.0322598 1 0.0751328 1 0.00442105 1 0.0524061 1 0.000473924 
1 0.0275367 1 0.0271225 1 0.0514895 1 0.0342169 1 0.0640454 1 0.0187826 1 0.0385703 1 0.00884616 
1 0.0273545 1 0.01625 1 0.0455545 1 0.0272917 1 0.0726197 1 0.0112632 1 0.0393555 1 0.00339313 
1 0.0264583 1 0.0237737 1 0.0508515 1 0.0319342 1 0.0657125 1 0.0195005 1 0.0388394 1 0.0064365 
1 0.0256125 1 0.0232306 1 0.0453434 1 0.0208485 1 0.075698 1 0.0246988 1 0.0381975 1 0.00763772 
1 0.0276333 1 0.0191588 1 0.0430076 1 0.0272871 1 0.0750383 1 0.0169148 1 0.0396958 1 0.00651581 
1 0.0304158 1 0.0260957 1 0.0413553 1 0.0284646 1 0.0786078 1 0.0209536 1 0.0493186 1 0.00586539 
1 0.0289012 1 0.00958073 1 0.0469823 1 0.0334757 1 0.0891562 1 0.00976515 1 0.0480383 1 0.00273361 
1 0.0268471 1 0.00597781 1 0.0366756 1 0.0291788 1 0.07527 1 0.00842823 1 0.0423397 1 0.00085854 
1 0.0363697 1 0.00707942 1 0.030868 1 0.0241012 1 0.0749222 1 0.0102509 1 0.0414764 1 0.00154156 
1 0.0322429 1 0.00333853 1 0.0419607 1 0.0130102 1 0.0600798 1 0.00976553 1 0.051559 1 0.00112515 
1 0.0422249 1 0.0206172 1 0.0531045 1 0.0346919 1 0.0856742 1 0.0245614 1 0.0470027 1 0.00811849 
1 0.0241198 1 0.00475661 1 0.0533028 1 0.0278149 1 0.0826995 1 0.0128834 1 0.0411765 1 0.00178025 
1 0.0269737 1 0.0094385 1 0.04808 1 0.0282792 1 0.0800383 1 0.0224935 1 0.0547746 1 0.0056665 
1 0.0388021 1 0.0116473 1 0.0517912 1 0.0252948 1 0.0851555 1 0.0224577 1 0.0501868 1 0.00481494 
1 0.0389039 1 0.0157367 1 0.0411407 1 0.0379983 1 0.0914753 1 0.0186318 1 0.0574335 1 0.00664567 
1 0.0310518 1 0.0149468 1 0.0346853 1 0.0397812 1 0.0859025 1 0.0106842 1 0.053441 1 0.000610053 
1 0.0285679 1 0.0101274 1 0.0408437 1 0.0354704 1 0.0870479 1 0.0128453 1 0.0440978 1 0.00378353 
1 0.0340214 1 0.0182717 1 0.0459051 1 0.0313265 1 0.0850217 1 0.0198947 1 0.0473129 1 0.00723835 
1 0.0226042 1 0.00941329 1 0.0267462 1 0.0246604 1 0.0793344 1 0.00836532 1 0.0507891 1 0.00229281 
1 0.0407556 1 0.00751675 1 0.0426463 1 0.0325684 1 0.081833 1 0.0132508 1 0.0458612 1 0.00259615 
1 0.0398258 1 0.0152904 1 0.0383417 1 0.0385411 1 0.0822607 1 0.0175986 1 0.0531679 1 0.00445647 
1 0.0264583 1 0.0139741 1 0.0383069 1 0.035913 1 0.0706555 1 0.00915718 1 0.0498939 1 0.0052257 
1 0.0224004 1 0.0150668 1 0.0374351 1 0.0200094 1 0.090203 1 0.0149641 1 0.0596368 1 0.00843759 
1 0.0303326 1 0.00927037 1 0.0521437 1 0.0467637 1 0.0924203 1 0.0183804 1 0.0533846 1 0.00197833 
1 0.0193288 1 0.00779879 1 0.045385 1 0.0240422 1 0.0911817 1 0.0178947 1 0.0302843 1 0.00202634 
1 0.0216311 1 0.00917304 1 0.0541958 1 0.0395054 1 0.0829256 1 0.0154282 1 0.0439678 1 0.00403846 
1 0.0418378 1 0.00756901 1 0.0465021 1 0.0362422 1 0.0812367 1 0.0150952 1 0.0487072 1 0.00403202 
1 0.0350074 1 0.00655906 1 0.0336074 1 0.0324168 1 0.0789766 1 0.0135288 1 0.0487564 1 0.00632044 
1 0.0421189 1 0.0118487 1 0.0544395 1 0.0370517 1 0.0750856 1 0.0142708 1 0.0516335 1 0.00463966 
1 0.0391333 1 0.00705907 1 0.0457958 1 0.0353875 1 0.0764654 1 0.0114756 1 0.0442166 1 0.0034238 
1 0.0349588 1 0.0149932 1 0.0454878 1 0.0335009 1 0.0779689 1 0.0145845 1 0.0502453 1 0.00118698 
1 0.0208691 1 0.0128707 1 0.0417454 1 0.0287782 1 0.072536 1 0.0105625 1 0.060674 1 0.00085854 
1 0.0328755 1 0.00675881 1 0.0408645 1 0.0322598 1 0.0807335 1 0.0130849 1 0.040835 1 0.00280609 
1 0.0253046 1 0.00669722 1 0.0278412 1 0.0296298 1 0.0902261 1 0.00959084 1 0.0490863 1 0.00118698 
1 0.0349511 1 0.00270311 1 0.047177 1 0.0293746 1 0.0909333 1 0.0178724 1 0.0470871 1 0.000241967 
1 0.0353851 1 0.00390739 1 0.0465069 1 0.0319377 1 0.0820336 1 0.0176596 1 0.0497409 1 9.93699e-05 
1 0.0325561 1 0.00724588 1 0.0518647 1 0.0343998 1 0.0912512 1 0.0138027 1 0.0534448 1 0.00585881 
1 0.0241667 1 0.0132403 1 0.0423511 1 0.0277425 1 0.0792073 1 0.00621303 1 0.0552315 1 0.00307692 
1 0.0254737 1 0.0192652 1 0.0566964 1 0.0333716 1 0.0887403 1 0.0161758 1 0.059382 1 0.00678217 
1 0.0405573 1 0.0204512 1 0.0544654 1 0.0369182 1 0.0736303 1 0.0197098 1 0.0414524 1 0.00797419 
1 0.0189583 1 0.0228191 1 0.042191 1 0.0337761 1 0.0789312 1 0.021644 1 0.048512 1 0.00459571 
1 0.0276563 1 0.0210395 1 0.0442765 1 0.0279581 1 0.0759628 1 0.0216364 1 0.0356385 1 0.0128852 
1 0.0402907 1 0.00569342 1 0.0566008 1 0.0420536 1 0.0997795 1 0.0272319 1 0.063231 1 0.00214856 
1 0.0479053 1 0.0138754 1 0.0574533 1 0.046333 1 0.0932774 1 0.01417 1 0.0576533 1 0.00776194 
1 0.0447528 1 0.0239178 1 0.0605783 1 0.0441004 1 0.092899 1 0.0161053 1 0.0645342 1 0.0128852 
1 0.0374328 1 0.00564495 1 0.0529707 1 0.0372267 1 0.0947829 1 0.020829 1 0.0462294 1 0.00440846 
1 0.0347489 1 0.0154333 1 0.0575874 1 0.041648 1 0.0939096 1 0.0131053 1 0.0556422 1 0.004897 
1 0.044502 1 0.0208705 1 0.0544007 1 0.0216837 1 0.0772707 1 0.0214568 1 0.048779 1 0.0131663 
1 0.0262233 1 0.008969 1 0.0563449 1 0.0426575 1 0.0894814 1 0.0171414 1 0.0490521 1 0.00696779 
1 0.0427112 1 0.0138354 1 0.0548312 1 0.0442069 1 0.0919947 1 0.0134838 1 0.0586591 1 0.00935763 
1 0.0375909 1 0.0239492 1 0.0516938 1 0.0280516 1 0.0842553 1 0.0220024 1 0.0536144 1 0.007642 
1 0.0387529 1 0.0140301 1 0.0509997 1 0.0376474 1 0.0952128 1 0.0163158 1 0.0470079 1 0.0054522 
1 0.0315836 1 0.0115527 1 0.0401202 1 0.0372278 1 0.0748427 1 0.018579 1 0.0313418 1 0.00513759 
1 0.0331528 1 0.00270483 1 0.0348217 1 0.0231387 1 0.0816638 1 0.00730757 1 0.0457665 1 0.000384615 
1 0.0350895 1 0.0144052 1 0.043042 1 0.0426639 1 0.0880186 1 0.0149048 1 0.0497021 1 0.00728636 
1 0.0274479 1 0.0115091 1 0.0372443 1 0.0289152 1 0.0697237 1 0.00910527 1 0.0474542 1 0.00532989 
1 0.0271354 1 0.00953709 1 0.0473869 1 0.035 1 0.0846277 1 0.0180181 1 0.0525151 1 0.00402488 
1 0.0308133 1 0.0105911 1 0.0291536 1 0.030909 1 0.0759309 1 0.0123855 1 0.0534329 1 0.00519955 
1 0.0360913 1 0.0122627 1 0.0529974 1 0.0378037 1 0.0833561 1 0.0203293 1 0.0622903 1 0.00828581 
1 0.0230729 1 0.0200629 1 0.0552098 1 0.0267347 1 0.0895878 1 0.00921053 1 0.0545073 1 0.00456066 
1 0.032469 1 0.0151264 1 0.0525788 1 0.0423759 1 0.0911835 1 0.0217464 1 0.0514678 1 0.00721249 
1 0.0454336 1 0.0186262 1 0.056752 1 0.0452261 1 0.0887412 1 0.0228883 1 0.0650869 1 0.00653202 
1 0.0306024 1 0.0138515 1 0.0513287 1 0.0414987 1 0.0848435 1 0.0153702 1 0.0494143 1 0.00388772 
1 0.0406379 1 0.0108129 1 0.0486505 1 0.0379323 1 0.0808511 1 0.014464 1 0.0468104 1 0.0037091 
1 0.0486487 1 0.0298624 1 0.0627546 1 0.0450759 1 0.0952996 1 0.015273 1 0.0654239 1 0.012779 
1 0.0447927 1 0.018783 1 0.0611716 1 0.0449332 1 0.0937101 1 0.0114737 1 0.06188 1 0.0125962 
1 0.0422982 1 0.025885 1 0.0658049 1 0.0457305 1 0.0885506 1 0.0228737 1 0.0656529 1 0.00859939 
1 0.0436565 1 0.0156378 1 0.0644807 1 0.0372941 1 0.0950665 1 0.0157925 1 0.0637406 1 0.0129594 
1 0.0454668 1 0.0171612 1 0.0631801 1 0.0447767 1 0.0885107 1 0.0166316 1 0.0622488 1 0.0102339 
1 0.0370584 1 0.0204021 1 0.0552917 1 0.0451184 1 0.0877261 1 0.0182982 1 0.0617618 1 0.0134484 
1 0.0431849 1 0.0201484 1 0.0573316 1 0.0487245 1 0.0730851 1 0.0184395 1 0.0580264 1 0.00731013 
1 0.0373917 1 0.027779 1 0.0608766 1 0.0336902 1 0.101613 1 0.0224809 1 0.0508431 1 0.00613493 
1 0.0290023 1 0.00651361 1 0.0342755 1 0.0304857 1 0.0900222 1 0.00984383 1 0.0431778 1 0.000473924 
1 0.0336083 1 0.0127402 1 0.0395 1 0.0320347 1 0.0817022 1 0.0158947 1 0.0422613 1 0.00497898 
1 0.0159375 1 0.0138519 1 0.0389017 1 0.0210982 1 0.0732603 1 0.013034 1 0.0451314 1 0.00710947 
1 0.0290035 1 0.0105089 1 0.0346504 1 0.0259251 1 0.0781288 1 0.0109372 1 0.0509826 1 0.00397584 
1 0.0337372 1 0.00617021 1 0.040611 1 0.0250696 1 0.0681289 1 0.000105263 1 0.0442623 1 0.00297392 
1 0.0432284 1 0.0301289 1 0.0576574 1 0.043574 1 0.0867725 1 0.0208421 1 0.0470968 1 0.00105085 
1 0.055258 1 0.0254179 1 0.0560204 1 0.0475269 1 0.0916888 1 0.0297499 1 0.0674387 1 0.000281616 
1 0.0503745 1 0.0217066 1 0.058154 1 0.0442733 1 0.0928192 1 0.023041 1 0.0503562 1 0.0139112 
1 0.0388438 1 0.026593 1 0.0584556 1 0.0431792 1 0.0957447 1 0.0117833 1 0.0587786 1 0.0048123 
1 0.0411148 1 0.0130306 1 0.0612139 1 0.0400269 1 0.0939627 1 0.0229959 1 0.0530929 1 0.0096148 
1 0.04624 1 0.015032 1 0.0593561 1 0.0412445 1 0.086142 1 0.0184754 1 0.050349 1 0.0103856 
1 0.034499 1 0.0163892 1 0.0533538 1 0.0344232 1 0.0846196 1 0.0243469 1 0.0581885 1 0.00778399 
1 0.03888 1 0.00952069 1 0.0592188 1 0.0405919 1 0.0847158 1 0.0193722 1 0.049327 1 0.000391594 
1 0.0372917 1 0.0116055 1 0.0410549 1 0.0348314 1 0.0843726 1 0.0170481 1 0.044883 1 0.0014674 
1 0.0403565 1 0.00711182 1 0.0518848 1 0.0315026 1 0.0819282 1 0.00847369 1 0.0517836 1 0.00616191 
1 0.0396548 1 0.0130014 1 0.0499884 1 0.0372126 1 0.0888697 1 0.00970626 1 0.0570104 1 0.000281616 
1 0.0320195 1 0.0152554 1 0.0571354 1 0.0399144 1 0.0841623 1 0.0151066 1 0.0504814 1 0.00637955 
1 0.0359375 1 0.0174827 1 0.045979 1 0.0287461 1 0.0842553 1 0.0137786 1 0.0443727 1 0.000666232 
1 0.0232797 1 0.0130656 1 0.0457515 1 0.0272368 1 0.0901197 1 0.0112925 1 0.0393676 1 0.00548117 
1 0.0241285 1 0.00197274 1 0.030035 1 0.0177584 1 0.0776872 1 0.00768292 1 0.051734 1 0.000576923 
