1 0.00622642 1 0.0152916 1 0.00871429 1 0.0112 
1 0.00765648 1 0.00338112 1 0.00794411 1 0.0135333 
1 0.00905661 1 0.0112222 1 0.0119329 1 0.0224667 
1 0.012584 1 0.0122402 1 0.00983838 1 0.0292405 
1 0.0217522 1 0.0139197 1 0.0116376 1 0.0220667 
1 0.00622642 1 0.0119118 1 0.0115 1 0.0197333 
1 0.00754717 1 0.010409 1 0.0160052 1 0.0165512 
1 0.0153513 1 0.0144667 1 0.0137253 1 0.0119333 
1 0.00792453 1 0.0146476 1 0.0151298 1 0.0224049 
1 0.00962264 1 0.0125806 1 0.0127792 1 0.0208 
1 0.00773585 1 0.0111573 1 0.0138717 1 0.0191333 
1 0.0068868 1 0.0086586 1 0.0105392 1 0.0200324 
1 0.0122642 1 0.00704095 1 0.0114316 1 0.0134667 
1 0.0129748 1 0.0115931 1 0.0167429 1 0.022963 
1 0.00566038 1 0.00105757 1 0.00606053 1 0.0181333 
1 0.00735849 1 0.00308419 1 0.00525 1 0.011 
1 0.00783019 1 0.00543308 1 0.00771455 1 0.0114667 
1 0.00622643 1 0.000322276 1 0.0051746 1 0.0116667 
1 0.00801887 1 0.000942695 1 0.00334625 1 0.0109333 
1 0.0100943 1 0.00776001 1 0.00564236 1 0.017 
1 0.0162563 1 0.00705879 1 0.00814338 1 0.0338222 
1 0.0189772 1 0.0119313 1 0.0146476 1 0.0272667 
1 0.0262012 1 0.0116057 1 0.0222241 1 0.0359453 
1 0.0114151 1 0.000147059 1 0.0054316 1 0.0241755 
1 0.00518868 1 0.000294118 1 0.00214286 1 0.013 
1 0.00773585 1 0.000328534 1 0.00648911 1 0.0110667 
1 0.0120755 1 0.00179287 1 0.0055 1 0.0117793 
1 0.00811321 1 0.00538433 1 0.00536112 1 0.0088 
1 0.00981132 1 0.00435735 1 0.00391594 1 0.0112667 
1 0.00867926 1 0.00639699 1 0.00928572 1 0.0110667 
1 0.0133962 1 0.0101752 1 0.0154678 1 0.0319336 
1 0.0208858 1 0.0158424 1 0.0178333 1 0.0218667 
1 0.0180906 1 0.0160643 1 0.017933 1 0.0393329 
1 0.0216823 1 0.0117535 1 0.010081 1 0.0327881 
1 0.0197457 1 0.00120463 1 0.00968422 1 0.0241527 
1 0.0285199 1 0.0107738 1 0.00751305 1 0.0359114 
1 0.0141797 1 0.00360773 1 0.00549223 1 0.0262667 
1 0.0255576 1 0.00506948 1 0.00958214 1 0.0345702 
1 0.0289996 1 0.00426471 1 0.00601786 1 0.0300991 
1 0.0286078 1 0.000147059 1 0.00923477 1 0.0393435 
1 0.0183019 1 0.00463235 1 0.00485714 1 0.0236225 
1 0.0239371 1 0.00278413 1 0.00623865 1 0.0333279 
1 0.0325523 1 0.0049962 1 0.020448 1 0.04582 
1 0.0408961 1 0.0117528 1 0.0196176 1 0.0479138 
1 0.0310132 1 0.0049962 1 0.0222814 1 0.0439019 
1 0.0183019 1 0.00822744 1 0.020448 1 0.0453501 
1 0.0144973 1 0.000294118 1 0.006375 1 0.0218304 
1 0.019717 1 0.00382353 1 0.00696035 1 0.0278195 
1 0.023609 1 0.00568088 1 0.00767464 1 0.0274498 
1 0.0219774 1 0.00690367 1 0.00709579 1 0.0288626 
1 0.00933963 1 0.00975684 1 0.00946686 1 0.0146082 
1 0.0216823 1 0.0117535 1 0.010081 1 0.0327881 
