00000000000000
000000000
0000000000
000000000
000000000000000000000000000000000000000000000000000000000000000000000000
0000000000
0000000000
0000000000
0000000000
0000000000000
000000000000000000000000000000000000000000000000000000000000
0000000000000000000000000000000000000
0000000000000000000000000000000000000
0000000000000000000000000000000000000
0000000000000000000000000000000000000
0000000000000000000000000000000000000
0000000000000000000000000000000000000
0000000000000000000000000000000000000
0000000000000000000000000000000000000
0000000000000000000000000000000000000
0000000000000000000000000000000000000
0000000000000000000000000000000000000
0000000000000000000000000000000000000
0000000000000000000000000000000000000
0000000000000000000000000000000000000
0000000000000000000000000000000000000
0000000000000000000000000000000000000
0000000000000000000000000000000000000
0000000000000000000000000000000000000
0000000000000000000000000000000000000
0000000000000000000000000000000000000
0000000000000000000000000000000000000
0000000000000000000000000000000000000
0000000000000000000000000000000000000
0000000000000000000000000000000000000
0000000000000000000000000000000000000
0000000000000000000000000000000000000
0000000000000000000000000000000000000
0000000000000000000000000000000000000
0000000000000000000000000000000000000
0000000000000000000000000000000000000
0000000000000000000000000000000000000
0000000000000000000000000000000000000
0000000000000000000000000000000000000
0000000000000000000000000000000000000
0000000000000000000000000000000000000
0000000000000000000000000000000000000
0000000000000000000000000000000000000
0000000000000000000000000000000000000
0000000000000000000000000000000000000
0000000000000000000000000000000000000
0000000000000000000000000000000000000
000000000000000000000000000000000000000000000000000000000000000000
000000000000000000000000000000000000000000000000000000000000000000
00000000000000000000000000000000000000000000000000000000000000000
000000000000000000000000000000000000000000000000000000000000000000000000
00000000000000000000000000000000000000000000000000000000000000000000000
000000000000000000000000000000000000000000000000000000000000000
000000000000000000000000000000000000000000000000000000
00000000000000000000000000000000000000000000000000000000000000000000000000000
1111
11111111111
1111111111
1111
1111111111
11111
11111
1111
11111
1111
111111
1111
1111
111111
111111
11111
1111
11111
11111
11111
1111111
1111111
1111
1111
11111
111111
1111
11111111111
11111111111
11111111111
111111111
111111111111
1111111111
1111111111111111111
111111111
00000000000000000000000000000000000000000000000000000000000000000000000000000000000000000000000000000000000000000000000000000000000000000000000000000000000000000000000000000000000000000000000000000000
00000000000000000000
000000000000000000000000000000000000
00000000000000000000000
000000000000000000000000000
00000000000000000
00000000000000000
0000000000000000000000000000000
0000000000000000000000000000
0000000000
0000000000000000000000000000000
00000000000000000000000000000000000000000000000000000000
0000000000000000000000000000000000000000000
00000000000000
0000000000000000000000000000000
0000000000
00000000000
000000000000000000000000000000000000000000000000000
0000000000
0000000000000000000000000000000000000000000000000000
00000000000000000000000000000000000000000000000000000000000000000000000000000000000
0000000000
0000000000
0000000000000000000000000000000000000000000000000000000000000000000