0.071351
0.091642
0.086841
0.033798

0.078633
0.080337
0.079744
0.032726

0.074621
0.091472
0.073005
0.016302

0.089859
0.081739
0.090070
0.036786

0.074848
0.079070
0.087980
0.038349

0.074236
0.069509
0.089165
0.030753

0.082922
0.075016
0.081416
0.033170

0.076890
0.086684
0.085189
0.034675

0.078886
0.081739
0.087989
0.033475

0.073644
0.078415
0.085452
0.035697

0.067070
0.078553
0.078571
0.029188

0.065960
0.083493
0.073085
0.033939

0.061272
0.086011
0.072004
0.028775

0.073882
0.081797
0.072716
0.032754

0.074831
0.084424
0.064892
0.025451

0.061571
0.077092
0.073382
0.030403

0.069348
0.091159
0.070623
0.029519

0.068927
0.080929
0.063922
0.023010

0.064167
0.092168
0.065972
0.021653

0.066608
0.080204
0.079902
0.030741

0.084559
0.097043
0.083694
0.042576

0.097433
0.096775
0.096883
0.040396

0.103529
0.121946
0.119046
0.042836

0.084108
0.072924
0.068227
0.034850

0.059094
0.068511
0.068943
0.022353

0.075870
0.071778
0.070597
0.020451

0.076490
0.076534
0.072650
0.031300

0.075489
0.082922
0.073546
0.026760

0.069177
0.084985
0.075300
0.020837

0.060713
0.088009
0.067664
0.024444

0.085216
0.085595
0.081316
0.031009

0.085475
0.098950
0.101456
0.040161

0.081182
0.099408
0.097440
0.045610

0.086931
0.098416
0.097906
0.042092

0.084785
0.087119
0.088253
0.040902

0.082253
0.077479
0.079429
0.041374

0.075682
0.091721
0.079924
0.030280

0.076173
0.089569
0.067516
0.034986

0.078789
0.083495
0.082533
0.047087

0.082924
0.070026
0.079737
0.045247

0.074674
0.075206
0.090039
0.047303

0.067663
0.072817
0.085837
0.042401

0.099038
0.114847
0.100179
0.050515

0.089913
0.106040
0.104718
0.050492

0.096333
0.119251
0.098630
0.049704

0.093373
0.106264
0.102463
0.046417

0.076801
0.084393
0.060111
0.029226

0.077694
0.081654
0.079033
0.034086

0.079868
0.092739
0.087050
0.045701

0.086438
0.099142
0.090302
0.039589

0.084729
0.095623
0.093058
0.043970

0.086931
0.098416
0.097906
0.042092

0.083599
0.085890
0.075781
0.045141

0.083637
0.074459
0.082810
0.046465

0.087979
0.099971
0.088900
0.043235

0.082473
0.091410
0.080429
0.032732

0.071625
0.095323
0.078739
0.043377

0.065171
0.087311
0.074607
0.043547

0.073204
0.089625
0.080275
0.039808

0.090235
0.086901
0.083052
0.040175

0.072764
0.069509
0.078571
0.046977

0.078789
0.083495
0.082533
0.047087

0.076815
0.084273
0.073383
0.043502

0.072358
0.070026
0.073905
0.039205

0.075540
0.080619
0.084571
0.048436

0.073291
0.104584
0.079676
0.042605

inf
inf
inf
inf

inf
inf
inf
inf

inf
inf
inf
inf

inf
inf
inf
inf

inf
inf
inf
inf

inf
inf
inf
inf

inf
inf
inf
inf

inf
inf
inf
inf

0.110476
0.106951
0.114568
0.053238

0.103472
0.116162
0.107295
0.047538

0.084128
0.098766
0.087981
0.038372

0.084007
0.098309
0.089047
0.039461

inf
inf
inf
inf

inf
inf
inf
inf

inf
inf
inf
inf

inf
inf
inf
inf

0.091511
0.084741
0.081143
0.073782

0.091731
0.086743
0.081143
0.050600

0.091484
0.095052
0.086543
0.047992

0.076685
0.087897
0.095272
0.056461

0.090741
0.086094
0.082000
0.082926

0.083896
0.084545
0.082000
0.063066

0.090678
0.089887
0.087854
0.071863

0.088437
0.082789
0.081714
0.057708

0.080205
0.084581
0.084272
0.031891

0.076685
0.094374
0.101585
0.042386

0.076685
0.094374
0.082000
0.037885

0.080488
0.079707
0.085326
0.034139

0.078486
0.080362
0.082000
0.033279

0.077276
0.073969
0.090286
0.040331

0.078049
0.076562
0.080857
0.046264

0.078049
0.073127
0.081714
0.029648

0.091890
0.077323
0.077545
0.037869

0.085041
0.069246
0.080728
0.048670

0.080885
0.074465
0.081475
0.052910

0.082480
0.079334
0.076750
0.044754

0.071647
0.084552
0.079082
0.037131

0.076654
0.069004
0.077723
0.027906

0.063026
0.071897
0.065259
0.022605

0.083044
0.079917
0.056553
0.023975

0.069678
0.092739
0.069102
0.027442

0.073289
0.080180
0.076864
0.028192

0.064985
0.090761
0.075008
0.033675

0.074238
0.087455
0.080814
0.028689

0.074522
0.075909
0.072367
0.033873

0.067180
0.075350
0.071333
0.029764

0.072772
0.078046
0.076811
0.028106

0.071772
0.066438
0.077579
0.023590

0.093178
0.086167
0.093044
0.056802

0.078334
0.082429
0.090836
0.055105

0.083525
0.085766
0.076725
0.047447

0.086553
0.083008
0.082245
0.046843

0.080488
0.074419
0.078571
0.043536

0.072358
0.079070
0.080571
0.034837

0.095218
0.079070
0.078286
0.046933

0.072917
0.080750
0.073234
0.034455

0.088381
0.091135
0.086544
0.040832

0.072435
0.078163
0.084915
0.048102

0.057051
0.059423
0.072595
0.053048

0.085964
0.077334
0.087343
0.039135

0.078837
0.073127
0.087621
0.053607

0.083817
0.073127
0.084571
0.047870

0.082907
0.074561
0.080700
0.027994

0.069910
0.072248
0.074200
0.032084

0.094674
0.101704
0.088596
0.062957

0.080488
0.083463
0.084571
0.056443

0.078455
0.081941
0.088513
0.060575

0.089285
0.086167
0.098000
0.054887

0.092947
0.094044
0.081043
0.071967

0.071496
0.085054
0.086084
0.076680

0.091362
0.097597
0.092986
0.074393

0.067728
0.090065
0.081786
0.047254

0.100000
0.089923
0.091095
0.078749

0.073548
0.074419
0.091308
0.063999

0.079908
0.081251
0.082452
0.076174

0.080486
0.078530
0.092725
0.078919

0.089448
0.080581
0.081714
0.056512

0.086749
0.080968
0.085316
0.057008

0.092161
0.083718
0.087429
0.081027

0.079126
0.077095
0.082000
0.051190

0.068065
0.078463
0.070786
0.040308

0.071259
0.072804
0.070779
0.041386

0.070183
0.068002
0.074573
0.041057

0.066122
0.070996
0.072553
0.042559

0.114045
0.117586
0.104584
0.079093

0.105578
0.110693
0.104584
0.072658

0.117794
0.117586
0.103457
0.079093

0.115399
0.118251
0.103457
0.080047

0.078350
0.079225
0.079557
0.033197

0.078231
0.082125
0.084048
0.034713

0.068621
0.079472
0.071483
0.028156

0.076789
0.083988
0.078179
0.031761

inf
inf
inf
inf

inf
inf
inf
inf

0.089383
0.080838
0.082000
0.070490

0.078049
0.073127
0.082000
0.068641

0.067278
0.072635
0.054720
0.018882

0.063376
0.074419
0.073073
0.014181

0.062070
0.068798
0.071791
0.019587

0.053738
0.073643
0.073697
0.025287

0.127186
0.165229
0.142583
0.071274

0.123820
0.157982
0.135245
0.075202

0.078049
0.086047
0.094175
0.060451

0.125475
0.175062
0.126084
0.032459

0.105733
0.087375
0.089760
0.048101

0.097920
0.101652
0.094916
0.050679

0.083060
0.087682
0.081533
0.046074

0.093461
0.085629
0.095456
0.041878

0.073548
0.074419
0.094286
0.078520

0.073744
0.081638
0.081142
0.068973

0.104367
0.100457
0.100798
0.079093

0.088055
0.094251
0.091127
0.058904

0.078591
0.079448
0.088014
0.037800

0.090407
0.088031
0.091129
0.041283

0.085427
0.082429
0.082427
0.039369

0.079959
0.082429
0.081143
0.050700

0.072764
0.074335
0.079718
0.031451

0.074260
0.072868
0.076207
0.033852

0.073126
0.098901
0.085734
0.046126

0.074675
0.073490
0.084201
0.038580

0.078049
0.073127
0.082850
0.074001

0.078049
0.073127
0.082850
0.069114

0.078049
0.073127
0.082850
0.072095

0.078049
0.073127
0.081143
0.074166

0.078455
0.079328
0.076486
0.054139

0.078455
0.079328
0.076671
0.057705

0.078455
0.079470
0.076614
0.037541

0.078455
0.079328
0.076486
0.057705

0.093902
0.082537
0.098683
0.059127

0.092900
0.089032
0.084571
0.039533

0.099290
0.089499
0.089810
0.063023

0.089240
0.097349
0.088614
0.059259

0.072764
0.072868
0.084571
0.067954

0.072764
0.080195
0.087429
0.072567

0.082114
0.070801
0.084587
0.067954

0.078049
0.081870
0.084587
0.040465

0.080159
0.072868
0.087429
0.072940

0.080488
0.072868
0.087429
0.073827

0.078049
0.073127
0.087429
0.075464

0.072358
0.073127
0.087429
0.075464

0.072020
0.079070
0.083754
0.036767

0.071149
0.077506
0.074392
0.011639

0.074196
0.084806
0.075186
0.027992

0.070630
0.075866
0.073086
0.034688

0.073907
0.081929
0.084173
0.037276

0.074932
0.082447
0.080571
0.029045

0.079231
0.079386
0.080543
0.032139

0.068750
0.088050
0.084137
0.033467

0.078049
0.073127
0.087730
0.047127

0.072886
0.070026
0.079429
0.032049

0.084310
0.073357
0.086286
0.045726

0.072764
0.072766
0.078114
0.033858

0.064589
0.078792
0.075371
0.036521

0.078354
0.082158
0.078372
0.025779

0.074859
0.086395
0.083961
0.025861

0.065942
0.084023
0.080392
0.026317

0.071728
0.077765
0.070671
0.029062

0.074237
0.088579
0.077411
0.032842

0.072762
0.085315
0.073867
0.025779

0.067413
0.089587
0.088000
0.036806

0.062826
0.079212
0.073389
0.031168

0.073753
0.086346
0.070642
0.037569

0.073575
0.077545
0.072771
0.032467

0.079518
0.085646
0.070594
0.037058

0.071211
0.083437
0.072589
0.032254

0.069907
0.076912
0.083895
0.033689

0.058011
0.084892
0.079114
0.035342

0.069534
0.078515
0.072910
0.018279

0.049959
0.074323
0.073534
0.031961

0.061220
0.065771
0.072671
0.022610

0.078424
0.072339
0.075274
0.030662

0.083720
0.090866
0.082600
0.035539

0.073548
0.074302
0.079714
0.050491

0.078619
0.073616
0.078485
0.040397

0.074940
0.078691
0.086843
0.043386

0.077886
0.085982
0.085229
0.039013

0.089592
0.086990
0.088271
0.055582

0.086443
0.086034
0.089136
0.046025

0.079272
0.091124
0.080767
0.040287

0.085538
0.086104
0.092729
0.043460

0.100000
0.100000
0.093714
0.047365

0.124856
0.113330
0.130786
0.042363

inf
inf
inf
inf

inf
inf
inf
inf

0.173606
0.177334
0.187419
0.078304

0.151915
0.184304
0.182453
0.077918

0.151823
0.187738
0.191541
0.078164

0.143295
0.189798
0.186411
0.078164

0.109895
0.108765
0.113624
0.049579

0.163248
0.145513
0.146878
0.089204

0.117100
0.130322
0.117048
0.050796

0.087371
0.112651
0.105835
0.055497

0.145230
0.143254
0.131285
0.086232

0.112925
0.136654
0.119227
0.065254

0.114035
0.105982
0.119583
0.054202

0.098549
0.108372
0.118741
0.052710

0.083817
0.076029
0.099367
0.041334

0.081881
0.079070
0.080571
0.042679

0.085617
0.080362
0.099812
0.045579

0.081881
0.103731
0.097691
0.055480

0.084800
0.086684
0.096137
0.046910

0.086871
0.079070
0.097049
0.047811

0.087640
0.100000
0.093143
0.050041

0.083740
0.080362
0.096137
0.042827

inf
inf
inf
inf

0.142554
0.136225
0.135195
0.042236

0.116535
0.114876
0.099645
0.041628

0.125713
0.113686
0.117980
0.045925

0.060657
0.081519
0.079626
0.035796

0.075330
0.081926
0.069410
0.025806

0.065887
0.090651
0.080575
0.031189

0.050768
0.087119
0.073854
0.028471

0.071375
0.088863
0.057608
0.038816

0.070734
0.093195
0.072512
0.033808

0.079882
0.085741
0.073469
0.021107

0.082806
0.084118
0.063794
0.035857

0.088731
0.089881
0.070793
0.036602

0.073957
0.088334
0.068318
0.033479

0.074578
0.091738
0.071886
0.034662

0.080122
0.090963
0.068203
0.034601

0.073718
0.077442
0.067745
0.036393

0.076904
0.092872
0.079058
0.040315

0.082475
0.075441
0.071526
0.035870

0.077843
0.068061
0.080478
0.037405

0.078154
0.085126
0.074269
0.023143

0.087367
0.102198
0.086414
0.040205

0.087766
0.094699
0.082680
0.031574

0.083089
0.086860
0.084626
0.039667

0.078669
0.074234
0.087311
0.040154

0.084576
0.081029
0.069931
0.028682

0.071107
0.093499
0.089310
0.028236

0.081113
0.094988
0.089457
0.031409

0.070453
0.076530
0.078334
0.035652

0.074194
0.085316
0.078772
0.036692

0.074881
0.079754
0.073047
0.040459

0.071181
0.068891
0.075373
0.038081

0.076311
0.090332
0.083129
0.038848

0.074468
0.090757
0.075456
0.037014

0.075235
0.072770
0.080357
0.024714

0.074056
0.067804
0.082146
0.029508

0.075079
0.080980
0.080443
0.028962

0.074602
0.085620
0.091114
0.040673

0.088516
0.098304
0.093729
0.028402

0.095813
0.090659
0.094171
0.037309

0.079594
0.076864
0.090214
0.043103

0.065522
0.070026
0.084529
0.042035

0.084594
0.092106
0.084171
0.023852

0.087227
0.113481
0.094743
0.038473

0.079599
0.091279
0.084205
0.031587

0.088735
0.100187
0.083743
0.043303

0.089582
0.089976
0.082197
0.035919

0.073783
0.092615
0.084236
0.029681

0.083237
0.088015
0.081627
0.029386

0.091780
0.087816
0.075655
0.017623

0.085932
0.083082
0.082675
0.026262

0.089360
0.078383
0.086931
0.027268

0.093884
0.087165
0.095828
0.040645

0.075645
0.078675
0.075094
0.036419

0.067628
0.061680
0.054152
0.025123

0.055854
0.077359
0.065711
0.029451

0.063496
0.064530
0.062329
0.017047

0.071216
0.079057
0.087042
0.037981

0.066942
0.080888
0.079223
0.040489

0.075620
0.077759
0.080579
0.035331

0.077801
0.083279
0.077265
0.035596

0.071239
0.083073
0.077364
0.026686

0.085561
0.110851
0.085933
0.039662

0.086790
0.096848
0.089819
0.031082

0.074198
0.087600
0.080938
0.034652

0.073091
0.090077
0.080684
0.030322

0.081069
0.089176
0.077408
0.030986

0.078235
0.087743
0.068752
0.043867

0.085082
0.088014
0.077711
0.034844

0.082160
0.083534
0.074689
0.039454

0.086196
0.091093
0.066633
0.046890

0.083429
0.084354
0.081243
0.036971

0.083423
0.084750
0.081911
0.028154

0.092173
0.079181
0.075079
0.013430

0.085489
0.079811
0.077980
0.026189

0.095430
0.086726
0.086338
0.027268

0.068417
0.084101
0.076950
0.027915

0.063222
0.070026
0.062644
0.027982

0.077993
0.075534
0.072012
0.039963

0.065030
0.076204
0.067431
0.031563

0.077148
0.097779
0.076201
0.033458

0.071170
0.088927
0.078424
0.033263

0.072719
0.081082
0.080781
0.034535

0.076795
0.085415
0.080645
0.038040

0.081582
0.073100
0.074995
0.025479

0.072529
0.081941
0.064756
0.028051

0.069908
0.084869
0.082629
0.035345

0.073038
0.103185
0.090584
0.037079

0.075801
0.102070
0.094122
0.036209

0.086066
0.091058
0.092724
0.036855

0.088114
0.080999
0.085230
0.032934

0.088325
0.096116
0.077991
0.031433

0.074983
0.098082
0.089293
0.039013

0.088860
0.090531
0.087529
0.039778

0.068160
0.096325
0.070897
0.028941

0.080245
0.079310
0.068216
0.032585

0.080016
0.086500
0.067884
0.042362

0.072623
0.086281
0.069428
0.037362

0.068558
0.090807
0.084661
0.038416

0.086530
0.073097
0.085172
0.030246

0.065400
0.081484
0.080687
0.027668

0.062906
0.078760
0.069000
0.029559

0.074606
0.084688
0.073241
0.023578

0.080030
0.084892
0.069827
0.019385

0.076113
0.072538
0.072054
0.024631

0.079758
0.080171
0.073314
0.023443

0.060084
0.063049
0.074391
0.038281

0.071017
0.083726
0.082137
0.038225

0.076698
0.083403
0.082363
0.036534

0.070686
0.087979
0.078596
0.039220

0.072285
0.069509
0.088704
0.034229

0.076911
0.087080
0.076641
0.031680

0.087411
0.073661
0.057971
0.043921

0.084141
0.080376
0.065363
0.035738

0.069937
0.080672
0.071762
0.035516

0.074600
0.072276
0.075699
0.031221

0.084894
0.100000
0.091165
0.044718

0.081184
0.094532
0.084230
0.034923

0.081470
0.096627
0.094162
0.037048

0.089015
0.098265
0.082571
0.046728

0.069776
0.086336
0.083704
0.022385

0.080488
0.084418
0.087628
0.032409

0.072713
0.086747
0.083805
0.034591

0.082259
0.083888
0.091325
0.034204

0.066039
0.084562
0.077128
0.038492

0.080662
0.098783
0.087958
0.040428

0.089099
0.077418
0.080243
0.040765

0.075543
0.078586
0.083643
0.037077

0.086703
0.096197
0.083931
0.021107

0.075624
0.087851
0.075884
0.032953

0.074056
0.067804
0.082146
0.029508

0.075079
0.080980
0.080443
0.028962

0.074602
0.085620
0.091114
0.040673

0.088516
0.098304
0.093729
0.028402

0.066213
0.083037
0.072397
0.026525

0.067687
0.076960
0.068026
0.021475

0.072418
0.074445
0.069510
0.035275

0.061031
0.058282
0.053185
0.026550

0.066550
0.084980
0.076851
0.011557

0.068002
0.081029
0.053203
0.022254

0.071960
0.080912
0.076663
0.031271

0.072515
0.074265
0.080766
0.033242

0.067846
0.088449
0.076404
0.040501

0.060925
0.094889
0.085196
0.014959

0.087661
0.109977
0.093300
0.037168

0.081890
0.085870
0.084742
0.038572

0.077243
0.078577
0.079378
0.029811

0.068802
0.075584
0.066886
0.034008

0.074795
0.061998
0.063097
0.037256

0.097649
0.101213
0.089803
0.035802

0.086707
0.092726
0.080246
0.045130

0.077858
0.092456
0.084701
0.030246

0.066931
0.078804
0.073329
0.038031

0.060657
0.081519
0.079626
0.035796

0.075330
0.081926
0.069410
0.025806

0.065887
0.090651
0.080575
0.031189

0.050768
0.087119
0.073854
0.028471

0.065592
0.074419
0.061321
0.020492

0.069752
0.072456
0.075604
0.034673

0.075645
0.078675
0.075094
0.036419

0.067628
0.061680
0.054152
0.025123

0.055854
0.077359
0.065711
0.029451

0.063496
0.064530
0.062329
0.017047

0.064615
0.077970
0.071364
0.033020

0.071375
0.088863
0.057608
0.038816

0.070734
0.093195
0.072512
0.033808

0.079882
0.085741
0.073469
0.021107

0.082806
0.084118
0.063794
0.035857

0.088731
0.089881
0.070793
0.036602

0.073957
0.088334
0.068318
0.033479

0.074578
0.091738
0.071886
0.034662

0.080122
0.090963
0.068203
0.034601

0.073718
0.077442
0.067745
0.036393

0.076904
0.092872
0.079058
0.040315

0.082475
0.075441
0.071526
0.035870

0.083963
0.093809
0.066007
0.033346

0.077843
0.068061
0.080478
0.037405

0.078154
0.085126
0.074269
0.023143

0.087367
0.102198
0.086414
0.040205

0.087766
0.094699
0.082680
0.031574

0.083089
0.086860
0.084626
0.039667

0.078669
0.074234
0.087311
0.040154

0.084576
0.081029
0.069931
0.028682

0.071107
0.093499
0.089310
0.028236

0.081113
0.094988
0.089457
0.031409

0.070453
0.076530
0.078334
0.035652

0.071216
0.079057
0.087042
0.037981

0.066942
0.080888
0.079223
0.040489

0.075620
0.077759
0.080579
0.035331

0.077801
0.083279
0.077265
0.035596

0.071239
0.083073
0.077364
0.026686

0.074194
0.085316
0.078772
0.036692

0.074881
0.079754
0.073047
0.040459

0.071181
0.068891
0.075373
0.038081

0.076311
0.090332
0.083129
0.038848

0.084659
0.101766
0.100531
0.038409

0.073424
0.093941
0.087446
0.048101

0.089314
0.106485
0.082555
0.049382

0.084771
0.084893
0.083382
0.047555

0.079624
0.100305
0.081450
0.037670

0.087789
0.090556
0.089963
0.032367

0.098432
0.105710
0.101325
0.032951

0.082911
0.070026
0.095460
0.035671

0.079539
0.099322
0.090634
0.041844

0.082170
0.088888
0.087116
0.039310

0.072241
0.082746
0.069840
0.029262

0.064815
0.073298
0.057179
0.026247

0.074468
0.090757
0.075456
0.037014

0.075235
0.072770
0.080357
0.024714

0.074056
0.067804
0.082146
0.029508

0.075079
0.080980
0.080443
0.028962

0.074602
0.085620
0.091114
0.040673

0.088516
0.098304
0.093729
0.028402

0.095813
0.090659
0.094171
0.037309

0.079594
0.076864
0.090214
0.043103

0.065522
0.070026
0.084529
0.042035

0.084594
0.092106
0.084171
0.023852

0.083237
0.088015
0.081627
0.029386

0.091780
0.087816
0.075655
0.017623

0.085932
0.083082
0.082675
0.026262

0.089360
0.078383
0.086931
0.027268

0.093884
0.087165
0.095828
0.040645

0.086263
0.070026
0.088610
0.041646

0.093491
0.081906
0.095517
0.016315

0.081190
0.096157
0.086526
0.039509

0.076840
0.093824
0.080748
0.024654

0.074705
0.090666
0.077303
0.017387

0.077690
0.079845
0.075040
0.026090

0.079986
0.094226
0.085149
0.034761

0.056404
0.066281
0.050579
0.025867

0.076565
0.085659
0.081729
0.034410

0.078455
0.098956
0.102537
0.045023

0.085239
0.091336
0.090800
0.043033

0.074335
0.084671
0.089627
0.041900

0.064344
0.087605
0.070257
0.045620

0.058138
0.075774
0.059166
0.038437

0.086371
0.076474
0.098843
0.039426

0.087227
0.113481
0.094743
0.038473

0.079599
0.091279
0.084205
0.031587

0.088735
0.100187
0.083743
0.043303

0.089582
0.089976
0.082197
0.035919

0.073783
0.092615
0.084236
0.029681

0.083015
0.099608
0.082005
0.033014

0.075255
0.079070
0.064945
0.032953

0.064836
0.075354
0.064469
0.022835

