225.669094
231.819293
232.914878
227.550038
230.188686
232.057837
226.002581
224.713421
226.609116
236.455399
226.408431
227.996388
224.712283
228.471106
147.497440
149.975882
144.889900
148.351512
150.036898
147.458393
146.178217
151.070168
153.082579
150.007411
149.197988
151.241316
150.410443
149.734102
146.639178
151.410717
146.412826
159.264382
157.008080
293.549374
290.700117
294.798650
293.347290
320.617863
302.433231
292.930146
329.920183
289.582276
190.351553
199.706549
197.972424
194.319789
273.209577
265.478491
280.796341
282.277563
291.090307
288.188703
284.157627
288.055251
276.172693
287.857755
276.934815
283.360776
310.713770
303.996984
281.422256
284.747830
289.030896
291.100197
285.231047
286.723149
158.822733
167.429754
162.412442
177.284157
161.383634
154.506476
169.893978
164.659233
223.398243
226.077682
228.701907
223.332915
45.522097
45.280950
45.261711
46.381583
165.243094
168.458964
163.866248
156.759119
163.554854
157.370366
161.976025
160.198888
164.075806
171.193155
171.856694
160.391034
183.294611
187.056120
169.914058
179.759273
189.629879
184.623683
185.572060
185.317485
185.374813
184.049132
187.989302
188.477827
189.106117
187.307027
190.123879
190.115461
191.443807
192.964807
191.347063
192.512221
191.075304
183.412976
190.834170
189.426957
197.345266
176.293888
177.277439
168.557509
192.606861
191.712386
205.691337
199.933660
183.152730
184.902776
172.995262
161.252282
193.019408
200.288904
196.571629
196.744113
205.301811
201.852961
198.542819
194.706607
156.409947
167.643386
167.136293
167.461108
167.647632
174.866810
174.675266
171.588447
165.178709
159.250327
159.017496
158.010008
201.231555
198.749204
204.737584
206.360571
183.807364
181.118704
177.262272
188.452879
152.165645
150.143613
163.630346
167.979266
175.650921
174.109950
183.148679
177.493700
191.032160
186.708510
190.856856
191.765995
191.957754
190.744754
182.288925
186.699376
181.502844
179.553119
200.314461
213.926950
184.490555
174.251104
174.063804
172.522944
172.354840
184.781514
191.369142
182.733050
161.370636
171.289047
171.810511
169.029741
470.596723
308.118879
186.698861
188.913257
192.735194
189.751878
198.649124
189.978377
183.218482
183.551906
181.932580
167.446359
180.704850
177.872260
180.476550
183.875207
195.746901
189.889781
182.929632
183.610336
183.177728
189.151778
173.778696
175.793876
181.063114
167.203987
175.230955
169.362968
181.980363
179.442497
179.396692
176.615564
171.757940
175.087950
173.730645
176.970380
176.517965
170.729836
183.043981
197.725336
200.438979
187.571961
175.201681
171.942760
162.376299
164.470485
171.360658
170.679544
177.333120
165.744345
168.401863
179.426387
176.634197
195.198186
185.974426
185.286134
86.455411
89.598589
65.415512
66.931246
89.801052
87.762032
88.549536
86.823243
86.766708
90.213196
88.546321
87.119537
88.504523
89.266998
88.895808
87.532047
86.086595
84.822443
84.641063
85.473551
84.567790
85.140903
84.975109
84.711332
66.293650
91.089562
89.489727
89.334325
193.934084
194.501797
190.511126
191.109662
194.971814
187.848841
192.413926
192.649498
193.170769
194.095040
195.425502
189.161430
188.912947
192.181671
190.313550
192.592825
193.256803
191.078704
189.294437
184.912442
192.138232
187.215686
194.152282
182.068450
189.227593
193.664023
191.745741
202.851757
198.086452
190.016965
195.363731
187.457987
184.362008
189.462258
192.980412
196.429443
185.489402
184.896707
184.854666
203.003160
196.854032
197.365627
193.693928
192.920550
200.762389
203.826421
205.264740
205.078519
198.426823
196.936351
202.075201
198.818023
197.693647
199.662157
201.059876
205.077680
199.183822
197.753015
205.555558
194.810284
189.118344
192.206437
193.626601
190.076733
192.506687
191.311777
192.445413
193.704016
200.633256
208.255421
197.836788
195.904874
199.548243
193.418864
200.789407
203.410601
197.775160
192.871235
191.128701
188.969179
182.376258
185.192548
201.463786
203.596977
202.872292
202.680770
192.057028
205.727396
197.654428
192.243753
193.055759
189.860891
193.318770
197.362720
193.621014
197.229639
204.446028
211.632595
203.530261
195.181052
196.054191
194.901893
198.129757
190.648288
192.171915
198.244082
188.860323
186.855414
181.411726
185.091027
180.132685
189.594320
192.697263
193.094209
196.256490
187.855638
192.301754
192.387617
190.877518
195.495991
194.880716
196.483197
191.095328
193.392673
191.358653
189.308610
191.092619
178.503894
180.023021
178.460417
179.406184
184.143016
181.427392
191.218053
185.975372
205.435554
182.309223
179.574903
181.702008
182.348748
190.863284
179.716072
180.496618
177.641778
188.262786
204.004032
192.228125
180.678248
180.593081
182.504824
191.701806
185.868305
184.408442
181.098771
180.400367
183.119096
187.782884
182.884231
186.210929
184.345491
190.765067
180.531255
186.099452
184.225025
183.464639
184.670559
182.591259
184.160130
179.254713
179.233973
180.576010
182.736331
181.231209
181.926459
188.117001
178.683412
175.958594
187.080475
177.799050
176.188273
179.673787
184.266130
183.263505
185.066891
190.119787
182.714179
184.020945
183.507436
181.315171
179.452809
179.973415
183.885683
180.536604
184.617012
186.339845
181.879021
181.108350
183.484398
193.773565
191.904177
183.575274
182.955758
183.779088
180.547102
178.969486
175.975120
174.124823
180.021438
179.639741
182.377521
177.467418
173.887466
176.058891
190.304702
187.717926
186.409053
184.767101
188.858034
185.539215
186.125032
189.309703
185.955803
187.113029
176.637797
190.080216
169.724215
179.492444
187.863209
183.327093
185.494519
184.692236
186.067711
180.571491
183.230327
181.814808
181.391022
182.052970
179.866734
182.175914
178.155435
190.182921
