0.029301
0.023417
0.045265
0.024913
0.090804
0.010883
0.048343
0.008700

0.026883
0.009948
0.043393
0.035500
0.090327
0.008031
0.028179
0.003880

0.026206
0.020814
0.045171
0.030914
0.079319
0.014981
0.024098
0.007075

0.040386
0.022015
0.049078
0.032194
0.085536
0.021388
0.038104
0.006971

0.041762
0.014940
0.052064
0.030491
0.082172
0.013881
0.033030
0.008981

0.033075
0.017119
0.044109
0.025935
0.085028
0.018270
0.033907
0.003692

0.033421
0.025478
0.045533
0.034106
0.083225
0.017263
0.045331
0.005979

0.039745
0.026120
0.042779
0.027737
0.081684
0.019204
0.041656
0.004947

0.035026
0.027015
0.044039
0.032607
0.075866
0.022737
0.043537
0.005748

0.033967
0.014503
0.040004
0.026540
0.086467
0.023211
0.052764
0.002885

0.033631
0.018901
0.036061
0.025290
0.092784
0.007526
0.040613
0.006701

0.025908
0.013646
0.052528
0.026023
0.085907
0.022723
0.039152
0.007463

0.030654
0.013310
0.045258
0.027459
0.079832
0.024851
0.045765
0.008483

0.041599
0.028340
0.050810
0.032306
0.077636
0.025430
0.050067
0.002012

0.020578
0.003911
0.039428
0.024222
0.080325
0.007777
0.042865
0.000776

0.030926
0.007951
0.047036
0.025246
0.084300
0.007917
0.041607
0.000282

0.032402
0.009333
0.047230
0.030102
0.083072
0.006125
0.048693
0.001113

0.016714
0.001920
0.040455
0.021375
0.068174
0.004158
0.044033
0.000282

0.036198
0.008110
0.040369
0.021068
0.079017
0.012579
0.051652
0.000666

0.027458
0.010852
0.043241
0.028997
0.069304
0.007463
0.041152
0.005740

0.033312
0.016509
0.055157
0.033300
0.079202
0.023938
0.055154
0.003311

0.048382
0.026338
0.052536
0.032324
0.107601
0.028416
0.059813
0.007404

0.051218
0.014794
0.051017
0.042308
0.102505
0.031142
0.063521
0.015892

0.030015
0.000319
0.035704
0.024679
0.077264
0.004421
0.037908
0.000819

0.025314
0.006136
0.026416
0.023795
0.085161
0.004737
0.043760
0.000769

0.026042
0.006586
0.030262
0.022534
0.072441
0.004526
0.047311
0.001243

0.029130
0.006653
0.034250
0.023104
0.076294
0.011697
0.045308
0.000577

0.018958
0.006878
0.035341
0.025983
0.078895
0.005398
0.046821
0.001476

0.018498
0.005591
0.026138
0.012526
0.069571
0.007623
0.032404
0.000618

0.019805
0.009868
0.040914
0.016442
0.070262
0.013414
0.043564
0.003847

0.040794
0.018480
0.057601
0.033133
0.091184
0.027998
0.045572
0.008770

0.043647
0.017744
0.053975
0.039036
0.090438
0.030193
0.054885
0.009189

0.046053
0.024784
0.049994
0.043877
0.083284
0.025524
0.060993
0.010717

0.043613
0.017145
0.047839
0.042534
0.098647
0.026982
0.053007
0.007301

0.030354
0.002774
0.046751
0.041861
0.088843
0.009695
0.051367
0.000282

0.044530
0.013425
0.052629
0.040495
0.094249
0.020722
0.055727
0.011662

0.026456
0.013449
0.046411
0.029247
0.089344
0.015618
0.043993
0.003561

0.038133
0.010412
0.055002
0.036114
0.094601
0.019567
0.051985
0.001868

0.043354
0.010405
0.048763
0.038025
0.090186
0.017480
0.057024
0.002974

0.046187
0.000745
0.055357
0.033918
0.084310
0.018731
0.056171
0.000282

0.037061
0.007171
0.054430
0.041351
0.088311
0.013975
0.055864
0.003252

0.040820
0.002925
0.057676
0.038416
0.085505
0.019731
0.043228
0.000969

0.041071
0.007426
0.056634
0.051089
0.102376
0.014550
0.066594
0.008889

0.035442
0.015138
0.058797
0.055344
0.105231
0.014550
0.074251
0.008394

0.044439
0.005645
0.064222
0.054156
0.111155
0.014844
0.084098
0.008401

0.044731
0.013197
0.063307
0.052834
0.098750
0.014550
0.040015
0.008394

0.032199
0.002739
0.042430
0.032970
0.094082
0.014514
0.044779
0.000728

0.046634
0.006435
0.053138
0.036790
0.090891
0.017680
0.043668
0.001243

0.036318
0.007286
0.040228
0.034991
0.095123
0.011040
0.050480
0.003166

0.029894
0.010832
0.044198
0.024450
0.087113
0.013714
0.049771
0.004815

0.029599
0.016347
0.036381
0.034429
0.088537
0.014408
0.052664
0.006532

0.043613
0.017145
0.047839
0.042534
0.098647
0.026982
0.053007
0.007301

0.041961
0.015654
0.048468
0.034225
0.101923
0.025386
0.051135
0.006243

0.043974
0.008521
0.052393
0.041828
0.088604
0.022211
0.037980
0.000282

0.045744
0.009864
0.044226
0.041674
0.091649
0.024384
0.065894
0.003022

0.028058
0.011133
0.044158
0.030678
0.085870
0.026506
0.059043
0.006371

0.039472
0.000745
0.046811
0.040670
0.098419
0.014552
0.045918
0.001187

0.034924
0.000745
0.053194
0.032796
0.091949
0.018376
0.046927
0.000192

0.034515
0.003031
0.053113
0.034015
0.091382
0.019064
0.050375
0.000282

0.041488
0.003093
0.050322
0.041858
0.098221
0.013945
0.052017
0.000282

0.043009
0.005211
0.047612
0.042179
0.091755
0.016634
0.045818
0.000282

0.043354
0.010405
0.048763
0.038025
0.090186
0.017480
0.057024
0.002974

0.042146
0.002526
0.056224
0.033848
0.088005
0.018731
0.058409
0.000282

0.031150
0.005221
0.054356
0.038156
0.091397
0.022028
0.046011
0.000282

0.051359
0.013722
0.059279
0.035473
0.090869
0.026982
0.059217
0.010440

0.038315
0.019675
0.057758
0.040703
0.098245
0.019372
0.049381
0.011635

inf
inf
inf
inf
inf
inf
inf
inf

inf
inf
inf
inf
inf
inf
inf
inf

inf
inf
inf
inf
inf
inf
inf
inf

inf
inf
inf
inf
inf
inf
inf
inf

inf
inf
inf
inf
inf
inf
inf
inf

inf
inf
inf
inf
inf
inf
inf
inf

inf
inf
inf
inf
inf
inf
inf
inf

inf
inf
inf
inf
inf
inf
inf
inf

0.056098
0.042789
0.068531
0.047372
0.126009
0.037519
0.054774
0.014185

0.041970
0.040340
0.069831
0.040671
0.093274
0.032138
0.074793
0.008322

0.040940
0.037604
0.070184
0.041032
0.073409
0.032159
0.058385
0.006522

0.041452
0.037604
0.067181
0.041573
0.073418
0.033116
0.055321
0.006522

inf
inf
inf
inf
inf
inf
inf
inf

inf
inf
inf
inf
inf
inf
inf
inf

inf
inf
inf
inf
inf
inf
inf
inf

inf
inf
inf
inf
inf
inf
inf
inf

0.084251
0.052637
0.083916
0.057284
0.090426
0.038075
0.093420
0.032159

0.077175
0.053953
0.080828
0.064134
0.095642
0.033244
0.090585
0.030908

0.054930
0.038817
0.069547
0.064851
0.089395
0.024360
0.075951
0.021409

0.084063
0.055319
0.076923
0.072702
0.097074
0.026636
0.069065
0.024686

0.088385
0.053953
0.083916
0.076096
0.096734
0.055923
0.096140
0.030030

0.088385
0.053953
0.083916
0.076347
0.096734
0.058114
0.097419
0.028741

0.087223
0.059486
0.083695
0.076276
0.092154
0.053638
0.090000
0.029283

0.086050
0.050927
0.083916
0.060744
0.090426
0.029614
0.091548
0.030714

0.041770
0.044572
0.052051
0.049589
0.088979
0.029227
0.049222
0.009701

0.071407
0.029203
0.084615
0.054018
0.098125
0.032948
0.061252
0.014735

0.050560
0.034674
0.067444
0.050134
0.095040
0.019358
0.046366
0.016232

0.056130
0.030315
0.065184
0.048181
0.096339
0.025999
0.055356
0.018727

0.049802
0.017465
0.061086
0.034945
0.090266
0.011289
0.056878
0.002052

0.044396
0.017728
0.069467
0.037370
0.093049
0.006166
0.069879
0.001313

0.049914
0.027552
0.057459
0.051783
0.092354
0.007918
0.062387
0.007966

0.036492
0.032745
0.047955
0.037092
0.085485
0.013879
0.052131
0.014947

0.053966
0.003103
0.059579
0.042857
0.088285
0.011638
0.067292
0.001860

0.041258
0.001613
0.051994
0.043931
0.091055
0.010504
0.063152
0.000474

0.039686
0.004733
0.061429
0.050764
0.087287
0.011615
0.071083
0.001860

0.038262
0.006267
0.054577
0.044714
0.080692
0.011219
0.057968
0.001187

0.029704
0.003782
0.048801
0.024253
0.086862
0.004276
0.056583
0.002887

0.032506
0.005650
0.043071
0.023725
0.083913
0.003041
0.044626
0.004312

0.034271
0.006372
0.045366
0.039286
0.076505
0.003725
0.041403
0.005577

0.028750
0.015053
0.041678
0.021020
0.080749
0.016826
0.047212
0.008201

0.027212
0.013126
0.032622
0.023112
0.054096
0.014947
0.041613
0.011683

0.026458
0.017141
0.033252
0.035417
0.062598
0.024993
0.053053
0.007976

0.030381
0.018409
0.044148
0.029311
0.087473
0.017403
0.048810
0.004607

0.032083
0.015208
0.047886
0.035872
0.084965
0.010660
0.050563
0.008846

0.033442
0.004938
0.039429
0.031742
0.072903
0.006000
0.049924
0.006561

0.036103
0.003338
0.034969
0.041660
0.081105
0.003380
0.049557
0.003010

0.026093
0.007995
0.038481
0.027620
0.082567
0.008584
0.051131
0.008105

0.023565
0.007189
0.025944
0.029690
0.091186
0.006748
0.034419
0.009519

0.066657
0.018257
0.057443
0.050994
0.097463
0.020617
0.060461
0.007119

0.054648
0.021698
0.066144
0.055017
0.089681
0.022171
0.065988
0.007459

0.048128
0.019927
0.060666
0.032481
0.096415
0.022246
0.053366
0.007576

0.045171
0.019991
0.058034
0.050120
0.091051
0.015646
0.050600
0.009015

0.044093
0.021280
0.057549
0.039402
0.093617
0.017660
0.059355
0.016583

0.037760
0.018119
0.054740
0.055660
0.086842
0.022361
0.063483
0.016125

0.065590
0.016306
0.071272
0.059520
0.094947
0.021459
0.088387
0.015874

0.044081
0.018909
0.049036
0.038156
0.079824
0.021024
0.057211
0.014272

0.041470
0.011402
0.050934
0.044103
0.097268
0.008964
0.051363
0.005907

0.040400
0.008067
0.047827
0.047130
0.094373
0.008368
0.053717
0.005330

0.044635
0.009619
0.053093
0.034060
0.096013
0.008260
0.057223
0.006099

0.055290
0.026962
0.068346
0.052445
0.092766
0.023113
0.050353
0.015216

0.056406
0.035849
0.069895
0.056913
0.087128
0.035001
0.060397
0.024719

0.052066
0.024235
0.061027
0.054286
0.090426
0.038737
0.074863
0.017563

0.040469
0.027164
0.057832
0.042217
0.087021
0.031440
0.064312
0.009327

0.033490
0.035638
0.045238
0.037551
0.079970
0.021368
0.041903
0.016154

0.066099
0.014188
0.063117
0.057592
0.094703
0.024320
0.068036
0.006720

0.054300
0.011683
0.074021
0.058733
0.088511
0.007040
0.076792
0.006860

0.034939
0.009103
0.076609
0.050958
0.093883
0.013826
0.058100
0.004657

0.040504
0.021364
0.072303
0.048245
0.097463
0.013129
0.049788
0.009320

0.061803
0.016178
0.070160
0.058048
0.088537
0.027778
0.075677
0.009055

0.058993
0.006443
0.055866
0.057321
0.088404
0.012768
0.070615
0.007961

0.058424
0.013602
0.058583
0.052488
0.095771
0.020229
0.067639
0.007288

0.050260
0.009321
0.054861
0.052686
0.082301
0.016171
0.059548
0.006165

0.061146
0.011648
0.060827
0.060056
0.093697
0.019480
0.068129
0.019046

0.048698
0.016086
0.055245
0.055499
0.083537
0.009421
0.063161
0.014363

0.050114
0.015078
0.053040
0.055466
0.083091
0.016859
0.064194
0.012923

0.052798
0.038331
0.058811
0.058135
0.089109
0.021446
0.079082
0.019955

0.063977
0.043906
0.076577
0.055447
0.088257
0.036610
0.085161
0.033783

0.076398
0.044734
0.065302
0.060099
0.100000
0.055923
0.084790
0.023341

0.091879
0.052716
0.082335
0.058555
0.096734
0.039573
0.097419
0.031429

0.057800
0.035691
0.059615
0.060122
0.093165
0.041404
0.072180
0.020279

0.033760
0.019445
0.049790
0.040696
0.085067
0.011983
0.043029
0.006908

0.038460
0.027391
0.050147
0.033806
0.084016
0.010602
0.048606
0.008560

0.030943
0.025607
0.053096
0.033880
0.079282
0.011990
0.048198
0.007292

0.035634
0.018585
0.050992
0.037750
0.083258
0.011744
0.037418
0.007238

0.089745
0.013488
0.100000
0.075133
0.102070
0.049748
0.100531
0.008274

0.067135
0.013553
0.075862
0.046327
0.094947
0.021678
0.071226
0.008656

0.080048
0.017251
0.100000
0.073522
0.102070
0.044027
0.101053
0.014702

0.098592
0.010574
0.100000
0.072594
0.102070
0.055730
0.100000
0.007779

0.021686
0.020730
0.044610
0.033869
0.080559
0.010779
0.046784
0.010205

0.037505
0.011859
0.040221
0.035408
0.083186
0.021367
0.053435
0.007652

0.023262
0.010334
0.030810
0.027768
0.075346
0.009456
0.043222
0.006484

0.036297
0.011186
0.044194
0.034438
0.076902
0.011720
0.046060
0.008247

inf
inf
inf
inf
inf
inf
inf
inf

inf
inf
inf
inf
inf
inf
inf
inf

0.085417
0.036151
0.084361
0.083570
0.096277
0.050552
0.092266
0.026162

0.085417
0.041351
0.077622
0.082571
0.096277
0.047276
0.097266
0.026499

0.026146
0.018636
0.033736
0.034148
0.069348
0.021160
0.041032
0.003050

0.024661
0.014217
0.027902
0.021234
0.065909
0.010675
0.025909
0.002149

0.018752
0.019682
0.025420
0.012296
0.062533
0.013082
0.031581
0.003014

0.016875
0.020904
0.039807
0.021952
0.059215
0.017074
0.024069
0.005226

0.060885
0.015375
0.082419
0.064472
0.098763
0.040620
0.085431
0.006347

0.045885
0.012842
0.071706
0.054961
0.091494
0.038611
0.086544
0.007693

0.045104
0.017351
0.077099
0.049586
0.100000
0.032853
0.065839
0.011538

0.056146
0.005876
0.068730
0.050076
0.087620
0.023577
0.054484
0.003997

0.054148
0.004263
0.066502
0.044256
0.124660
0.020900
0.091191
0.000282

0.066040
0.004813
0.070881
0.054228
0.127288
0.020749
0.084986
0.002533

0.049660
0.005372
0.068724
0.042774
0.096021
0.020888
0.084697
0.000282

0.056786
0.006985
0.071065
0.040394
0.094268
0.016562
0.085419
0.001594

0.049718
0.018643
0.053958
0.055621
0.087806
0.014138
0.095148
0.006368

0.052597
0.016765
0.054767
0.054254
0.086410
0.016247
0.056085
0.005060

0.070641
0.014451
0.064420
0.059934
0.103043
0.030303
0.080787
0.006249

0.056292
0.014049
0.051434
0.050012
0.088005
0.019412
0.066968
0.003060

0.047592
0.024922
0.058593
0.040069
0.087040
0.024257
0.069755
0.017162

0.052930
0.023977
0.051417
0.046088
0.089428
0.020642
0.067706
0.015863

0.042662
0.026973
0.059918
0.048595
0.089827
0.022710
0.054689
0.018680

0.051218
0.028820
0.058898
0.047467
0.091180
0.022124
0.066125
0.011640

0.027994
0.008908
0.031171
0.030913
0.087141
0.008443
0.046046
0.001572

0.038793
0.009040
0.048784
0.047508
0.086484
0.009204
0.057258
0.004465

0.037485
0.004920
0.052453
0.047690
0.094202
0.015965
0.064308
0.001243

0.029186
0.004902
0.032792
0.042735
0.092473
0.010982
0.051934
0.001978

0.079035
0.035885
0.077622
0.054685
0.090426
0.037223
0.097266
0.028219

0.085417
0.035268
0.077622
0.057569
0.096277
0.036198
0.097266
0.026325

0.080906
0.035305
0.077622
0.054321
0.090426
0.037860
0.097266
0.026896

0.081836
0.036401
0.077622
0.055238
0.090426
0.038446
0.097266
0.029536

0.069167
0.008083
0.055524
0.073489
0.094149
0.037367
0.082032
0.007980

0.064010
0.008356
0.055734
0.041497
0.095864
0.032287
0.081129
0.012921

0.059810
0.008226
0.063467
0.045357
0.084468
0.029314
0.060161
0.007277

0.058448
0.007964
0.055524
0.054532
0.095492
0.034332
0.069947
0.008067

0.067490
0.017640
0.043921
0.055763
0.095332
0.013352
0.066075
0.007274

0.060921
0.021592
0.065310
0.045248
0.090824
0.008987
0.056876
0.015405

0.065683
0.017587
0.070205
0.049489
0.100000
0.018930
0.064225
0.016970

0.060061
0.019174
0.063257
0.055681
0.092274
0.021118
0.056895
0.009569

0.085417
0.030519
0.083916
0.047114
0.090426
0.042896
0.098262
0.017347

0.085417
0.033454
0.078322
0.075632
0.090426
0.042794
0.100000
0.014591

0.085417
0.035597
0.082335
0.077310
0.096277
0.045415
0.097419
0.017154

0.045674
0.033223
0.055225
0.046517
0.083630
0.038211
0.058258
0.014135

0.085417
0.027163
0.077622
0.059489
0.090426
0.044439
0.097266
0.014510

0.085417
0.025278
0.078322
0.059489
0.090426
0.039244
0.098825
0.013696

0.085417
0.029388
0.077622
0.059489
0.090426
0.044965
0.097266
0.011583

0.085417
0.027581
0.078322
0.059489
0.090426
0.044965
0.096982
0.018327

0.014479
0.007614
0.048246
0.018827
0.083068
0.018218
0.047934
0.001956

0.020117
0.009379
0.045831
0.024796
0.066330
0.013770
0.032160
0.004889

0.023438
0.008294
0.040759
0.033588
0.078158
0.010572
0.044837
0.002822

0.036418
0.007089
0.040347
0.031443
0.076808
0.013264
0.044124
0.001620

0.040179
0.008988
0.049100
0.042577
0.077101
0.017512
0.053885
0.005562

0.034033
0.006768
0.052338
0.037814
0.077846
0.008079
0.052213
0.001572

0.027822
0.005875
0.052331
0.033002
0.078271
0.017870
0.052147
0.002774

0.037925
0.011030
0.041413
0.030995
0.089098
0.011628
0.046309
0.003231

0.056532
0.006807
0.046381
0.053545
0.092021
0.004147
0.083273
0.003517

0.031771
0.006807
0.036500
0.029898
0.068165
0.004147
0.041613
0.003517

0.053364
0.006453
0.043985
0.053945
0.092021
0.004440
0.090968
0.003805

0.045781
0.008580
0.049368
0.042539
0.070519
0.007420
0.047820
0.008834

0.028284
0.006985
0.051425
0.030635
0.073324
0.018363
0.048097
0.001339

0.033434
0.019614
0.039098
0.023715
0.073782
0.022569
0.042715
0.004423

0.032294
0.014943
0.041756
0.032767
0.072832
0.013529
0.040400
0.005288

0.029330
0.015774
0.051673
0.021485
0.082391
0.018781
0.051021
0.008675

0.037708
0.014699
0.045420
0.028444
0.075173
0.011255
0.037838
0.006956

0.038789
0.012368
0.049126
0.041751
0.083098
0.015465
0.051581
0.007101

0.035838
0.014002
0.042597
0.033039
0.078165
0.020294
0.046484
0.007774

0.030096
0.015154
0.046657
0.023980
0.081968
0.012263
0.047922
0.005464

0.031820
0.011604
0.041399
0.032100
0.076174
0.010317
0.048730
0.002362

0.039236
0.012756
0.062256
0.039163
0.086237
0.018782
0.049540
0.001187

0.029912
0.012646
0.042273
0.032759
0.061396
0.018010
0.047722
0.003014

0.030675
0.008461
0.035731
0.032723
0.083830
0.012400
0.047488
0.002629

0.033543
0.004681
0.029756
0.031934
0.076263
0.017503
0.043834
0.000385

0.027604
0.015338
0.048331
0.030517
0.085931
0.013358
0.045643
0.005781

0.032875
0.006523
0.035760
0.031771
0.073059
0.016653
0.041479
0.004284

0.032604
0.018969
0.043315
0.027102
0.076580
0.021960
0.032258
0.006914

0.029740
0.014762
0.032552
0.032704
0.069561
0.011311
0.041562
0.009413

0.022656
0.021170
0.036003
0.032456
0.062646
0.018211
0.035871
0.009231

0.026823
0.030585
0.048042
0.037857
0.073514
0.034045
0.051319
0.019134

0.037480
0.031294
0.050385
0.041628
0.088097
0.035233
0.061188
0.016781

0.052813
0.022747
0.054193
0.040790
0.086543
0.026737
0.065645
0.016240

0.040019
0.023373
0.061254
0.045516
0.087219
0.020976
0.044374
0.018278

0.047354
0.031242
0.075223
0.050481
0.087899
0.034506
0.061862
0.025309

0.042361
0.018489
0.065294
0.038992
0.086556
0.042614
0.056879
0.021999

0.042938
0.015694
0.065442
0.039164
0.090585
0.023761
0.052563
0.010711

0.037763
0.025674
0.061929
0.034052
0.085874
0.015513
0.055581
0.014231

0.042302
0.021069
0.057475
0.038902
0.085572
0.008975
0.062079
0.011255

0.032943
0.014368
0.047620
0.044737
0.090349
0.015990
0.057618
0.016576

0.058461
0.072170
0.097962
0.071578
0.095896
0.060243
0.084954
0.040849

0.064568
0.068417
0.094231
0.067054
0.086375
0.062858
0.087763
0.045916

inf
inf
inf
inf
inf
inf
inf
inf

inf
inf
inf
inf
inf
inf
inf
inf

0.084341
0.005592
0.119552
0.065991
0.189994
0.020318
0.101136
0.017683

0.109922
0.005503
0.095599
0.090277
0.211045
0.019778
0.131370
0.011583

0.107727
0.006178
0.095383
0.092979
0.202210
0.020318
0.133594
0.017646

0.105591
0.009031
0.098661
0.090398
0.205401
0.020084
0.131370
0.011583

0.055385
0.025059
0.080089
0.048925
0.145663
0.025824
0.077116
0.011792

0.100971
0.015620
0.102873
0.069072
0.166920
0.024842
0.093738
0.030277

0.049057
0.017673
0.080590
0.054715
0.144018
0.016936
0.090867
0.012467

0.051054
0.016432
0.057397
0.047468
0.125950
0.014842
0.104886
0.010707

0.092157
0.007489
0.097001
0.062990
0.165158
0.017199
0.091246
0.012117

0.051616
0.013446
0.071440
0.056297
0.109469
0.016435
0.087487
0.016534

0.050236
0.025304
0.083117
0.053293
0.130030
0.027794
0.085990
0.019716

0.052350
0.021021
0.074069
0.032464
0.131991
0.023158
0.084833
0.001276

0.075898
0.054255
0.078322
0.070932
0.092651
0.052632
0.092903
0.041646

0.071679
0.058511
0.078322
0.071290
0.092651
0.051688
0.092903
0.045396

0.078990
0.058511
0.078322
0.066618
0.092651
0.054651
0.092903
0.055438

0.079419
0.053192
0.078322
0.073703
0.092651
0.050526
0.092903
0.047573

0.083103
0.064015
0.087074
0.058431
0.091446
0.058204
0.094068
0.054211

0.078466
0.055779
0.078322
0.075824
0.092651
0.052632
0.092903
0.050891

0.083479
0.055319
0.078322
0.066008
0.092651
0.052632
0.089065
0.030385

0.072408
0.058511
0.078322
0.057102
0.092651
0.052632
0.088218
0.047098

inf
inf
inf
inf
inf
inf
inf
inf

0.061653
0.069002
0.086164
0.073158
0.083551
0.067029
0.069517
0.036580

0.068125
0.071268
0.093266
0.069265
0.082604
0.062858
0.083261
0.043859

0.068462
0.075309
0.090176
0.067148
0.090087
0.062858
0.091619
0.051245

0.027537
0.027122
0.051489
0.034217
0.064045
0.018783
0.038570
0.008846

0.027354
0.016250
0.045555
0.027292
0.072620
0.011263
0.039355
0.003393

0.026458
0.023774
0.050851
0.031934
0.065712
0.019501
0.038839
0.006436

0.025613
0.023231
0.045343
0.020849
0.075698
0.024699
0.038197
0.007638

0.024120
0.004757
0.053303
0.027815
0.082699
0.012883
0.041177
0.001780

0.026974
0.009438
0.048080
0.028279
0.080038
0.022493
0.054775
0.005666

0.038802
0.011647
0.051791
0.025295
0.085155
0.022458
0.050187
0.004815

0.038904
0.015737
0.041141
0.037998
0.091475
0.018632
0.057433
0.006646

0.031052
0.014947
0.034685
0.039781
0.085902
0.010684
0.053441
0.000610

0.028568
0.010127
0.040844
0.035470
0.087048
0.012845
0.044098
0.003784

0.034021
0.018272
0.045905
0.031327
0.085022
0.019895
0.047313
0.007238

0.022604
0.009413
0.026746
0.024660
0.079334
0.008365
0.050789
0.002293

0.040756
0.007517
0.042646
0.032568
0.081833
0.013251
0.045861
0.002596

0.039826
0.015290
0.038342
0.038541
0.082261
0.017599
0.053168
0.004456

0.026458
0.013974
0.038307
0.035913
0.070656
0.009157
0.049894
0.005226

0.030333
0.009270
0.052144
0.046764
0.092420
0.018380
0.053385
0.001978

0.019329
0.007799
0.045385
0.024042
0.091182
0.017895
0.030284
0.002026

0.021631
0.009173
0.054196
0.039505
0.082926
0.015428
0.043968
0.004038

0.041838
0.007569
0.046502
0.036242
0.081237
0.015095
0.048707
0.004032

0.035007
0.006559
0.033607
0.032417
0.078977
0.013529
0.048756
0.006320

0.042119
0.011849
0.054440
0.037052
0.075086
0.014271
0.051634
0.004640

0.039133
0.007059
0.045796
0.035388
0.076465
0.011476
0.044217
0.003424

0.034959
0.014993
0.045488
0.033501
0.077969
0.014585
0.050245
0.001187

0.020869
0.012871
0.041745
0.028778
0.072536
0.010563
0.060674
0.000859

0.032876
0.006759
0.040864
0.032260
0.080734
0.013085
0.040835
0.002806

0.025474
0.019265
0.056696
0.033372
0.088740
0.016176
0.059382
0.006782

0.040557
0.020451
0.054465
0.036918
0.073630
0.019710
0.041452
0.007974

0.018958
0.022819
0.042191
0.033776
0.078931
0.021644
0.048512
0.004596

0.027656
0.021039
0.044277
0.027958
0.075963
0.021636
0.035638
0.012885

0.035090
0.014405
0.043042
0.042664
0.088019
0.014905
0.049702
0.007286

0.027448
0.011509
0.037244
0.028915
0.069724
0.009105
0.047454
0.005330

0.027135
0.009537
0.047387
0.035000
0.084628
0.018018
0.052515
0.004025

0.030813
0.010591
0.029154
0.030909
0.075931
0.012386
0.053433
0.005200

0.036091
0.012263
0.052997
0.037804
0.083356
0.020329
0.062290
0.008286

0.023073
0.020063
0.055210
0.026735
0.089588
0.009211
0.054507
0.004561

0.032469
0.015126
0.052579
0.042376
0.091184
0.021746
0.051468
0.007212

0.045434
0.018626
0.056752
0.045226
0.088741
0.022888
0.065087
0.006532

0.030602
0.013852
0.051329
0.041499
0.084844
0.015370
0.049414
0.003888

0.040638
0.010813
0.048651
0.037932
0.080851
0.014464
0.046810
0.003709

0.038880
0.009521
0.059219
0.040592
0.084716
0.019372
0.049327
0.000392

0.037292
0.011606
0.041055
0.034831
0.084373
0.017048
0.044883
0.001467

0.040356
0.007112
0.051885
0.031503
0.081928
0.008474
0.051784
0.006162

0.039655
0.013001
0.049988
0.037213
0.088870
0.009706
0.057010
0.000282

0.032020
0.015255
0.057135
0.039914
0.084162
0.015107
0.050481
0.006380

0.048649
0.029862
0.062755
0.045076
0.095300
0.015273
0.065424
0.012779

0.044793
0.018783
0.061172
0.044933
0.093710
0.011474
0.061880
0.012596

0.042298
0.025885
0.065805
0.045731
0.088551
0.022874
0.065653
0.008599

0.043656
0.015638
0.064481
0.037294
0.095067
0.015793
0.063741
0.012959

0.045467
0.017161
0.063180
0.044777
0.088511
0.016632
0.062249
0.010234

0.028901
0.009581
0.046982
0.033476
0.089156
0.009765
0.048038
0.002734

0.026847
0.005978
0.036676
0.029179
0.075270
0.008428
0.042340
0.000859

0.036370
0.007079
0.030868
0.024101
0.074922
0.010251
0.041476
0.001542

0.032243
0.003339
0.041961
0.013010
0.060080
0.009766
0.051559
0.001125

0.025305
0.006697
0.027841
0.029630
0.090226
0.009591
0.049086
0.001187

0.034951
0.002703
0.047177
0.029375
0.090933
0.017872
0.047087
0.000242

0.035385
0.003907
0.046507
0.031938
0.082034
0.017660
0.049741
0.000099

0.032556
0.007246
0.051865
0.034400
0.091251
0.013803
0.053445
0.005859

0.024167
0.013240
0.042351
0.027742
0.079207
0.006213
0.055232
0.003077

0.034161
0.005070
0.050970
0.038593
0.100390
0.013931
0.049463
0.005411

0.036318
0.017623
0.048366
0.036265
0.100000
0.012066
0.056221
0.005865

0.046563
0.027194
0.057997
0.039792
0.086157
0.027305
0.059471
0.018341

0.041198
0.016869
0.047917
0.027764
0.087580
0.012474
0.059962
0.013518

0.044464
0.015921
0.057996
0.037164
0.084574
0.015326
0.058811
0.013798

0.044669
0.009149
0.055512
0.032653
0.091279
0.007579
0.046719
0.007612

0.040688
0.020188
0.054659
0.040846
0.092138
0.018570
0.062317
0.013384

0.047377
0.017490
0.060859
0.039696
0.096482
0.014948
0.066092
0.013487

0.043645
0.019876
0.058866
0.030431
0.096926
0.021129
0.046033
0.013404

0.032246
0.023014
0.051392
0.034191
0.085452
0.023772
0.059548
0.008822

0.042736
0.018892
0.056361
0.038266
0.095610
0.015304
0.058746
0.009320

0.044793
0.019179
0.058224
0.035414
0.094894
0.013421
0.058645
0.016677

0.043256
0.027118
0.064476
0.037481
0.092364
0.016947
0.062647
0.008744

0.043656
0.015638
0.062405
0.037294
0.095067
0.015793
0.063644
0.004398

0.021472
0.005831
0.022167
0.025694
0.082528
0.006526
0.037074
0.002588

0.036033
0.021878
0.049159
0.032753
0.073178
0.022146
0.040104
0.005891

0.035838
0.017609
0.050866
0.034358
0.080655
0.005096
0.047244
0.007678

0.032378
0.015468
0.048849
0.035058
0.089545
0.007316
0.043816
0.003998

0.035886
0.005502
0.046676
0.031825
0.072355
0.010984
0.052145
0.000282

0.027909
0.012960
0.048194
0.028807
0.068577
0.010368
0.054309
0.000948

0.032668
0.008919
0.048319
0.035299
0.073380
0.015061
0.042786
0.000282

0.038657
0.019435
0.045783
0.037471
0.075116
0.018768
0.051851
0.005685

0.033801
0.010437
0.043953
0.023457
0.062877
0.009232
0.054917
0.002596

0.017339
0.004332
0.046577
0.032832
0.082060
0.010238
0.049416
0.000802

0.035930
0.026351
0.048365
0.035449
0.084539
0.021584
0.052205
0.011620

0.033580
0.018738
0.053417
0.029249
0.082793
0.011406
0.053705
0.006169

0.035877
0.023123
0.052420
0.031767
0.084713
0.020464
0.053963
0.006098

0.028588
0.019988
0.053088
0.031313
0.084434
0.014542
0.060709
0.005597

0.042307
0.019638
0.050210
0.038139
0.087668
0.023533
0.053360
0.008066

0.025406
0.007525
0.031472
0.023288
0.076592
0.004083
0.055205
0.000859

0.037953
0.010468
0.050121
0.036179
0.083386
0.017690
0.046915
0.007731

0.043187
0.015707
0.055875
0.040228
0.090419
0.009526
0.045609
0.008890

0.040538
0.011241
0.052367
0.016586
0.081908
0.010095
0.054538
0.003166

0.038291
0.012932
0.057030
0.034522
0.082058
0.019636
0.044410
0.003324

0.026841
0.004654
0.051887
0.035754
0.085964
0.021546
0.050270
0.000282

0.037148
0.006284
0.051754
0.028646
0.078634
0.011053
0.046764
0.002171

0.035610
0.016160
0.055521
0.032287
0.086434
0.020357
0.048514
0.001808

0.027292
0.014588
0.041858
0.029909
0.085444
0.004715
0.055488
0.005459

0.029643
0.013758
0.043497
0.025357
0.078730
0.015529
0.041938
0.002213

0.026607
0.006745
0.047848
0.033408
0.075213
0.014287
0.047091
0.000995

0.035225
0.011926
0.042645
0.032644
0.068563
0.010684
0.041567
0.003324

0.033641
0.009362
0.043479
0.026484
0.061728
0.005632
0.043861
0.000392

0.014676
0.004560
0.030352
0.024634
0.073950
0.008316
0.053047
0.000192

0.030084
0.003506
0.036269
0.030384
0.065952
0.003673
0.048669
0.002726

0.036084
0.017097
0.048162
0.038186
0.068858
0.022653
0.043827
0.009080

0.031823
0.016428
0.050280
0.035612
0.085227
0.022943
0.050931
0.006305

0.038203
0.014981
0.056315
0.034111
0.081104
0.019099
0.051078
0.004705

0.032636
0.019516
0.060378
0.031075
0.080259
0.008459
0.057278
0.000282

0.034880
0.009867
0.050392
0.028301
0.086511
0.009298
0.052121
0.000618

0.029447
0.022989
0.038709
0.029050
0.078843
0.024048
0.047548
0.010424

0.041955
0.016920
0.053230
0.036128
0.081319
0.018917
0.054713
0.009904

0.038784
0.014508
0.047556
0.031179
0.081494
0.015166
0.051024
0.013030

0.039132
0.021759
0.045166
0.032781
0.091376
0.022955
0.045585
0.009898

0.032211
0.018063
0.047765
0.023847
0.083590
0.009895
0.049742
0.000776

0.038546
0.012241
0.053746
0.032894
0.096277
0.017575
0.056576
0.008404

0.040010
0.016938
0.048562
0.037886
0.088856
0.015737
0.052585
0.007275

0.035886
0.012479
0.047867
0.039024
0.096758
0.011000
0.048677
0.001058

0.044796
0.011049
0.054942
0.036462
0.089694
0.016249
0.057095
0.006065

0.034941
0.011618
0.044559
0.035501
0.084242
0.014030
0.053539
0.005899

0.033873
0.005824
0.057008
0.035110
0.088830
0.016579
0.052725
0.001187

0.026875
0.006513
0.036492
0.024418
0.088009
0.011512
0.050944
0.007057

0.046064
0.010621
0.061653
0.034573
0.090937
0.017137
0.051693
0.000666

0.038604
0.017808
0.051573
0.041017
0.082060
0.020508
0.054083
0.004374

0.042319
0.024713
0.050800
0.045307
0.089952
0.023046
0.047481
0.005339

0.033596
0.018102
0.058348
0.034406
0.089733
0.022305
0.052118
0.008417

0.037031
0.017734
0.029890
0.026685
0.083512
0.012954
0.050163
0.008352

0.040906
0.016011
0.048361
0.034538
0.077650
0.016769
0.043276
0.006489

0.034877
0.014720
0.039916
0.032660
0.070103
0.007158
0.040606
0.002533

0.027135
0.009537
0.047387
0.035000
0.084628
0.018018
0.052515
0.004025

0.030813
0.010591
0.029154
0.030909
0.075931
0.012386
0.053433
0.005200

0.036091
0.012263
0.052997
0.037804
0.083356
0.020329
0.062290
0.008286

0.023073
0.020063
0.055210
0.026735
0.089588
0.009211
0.054507
0.004561

0.028021
0.023537
0.043436
0.021331
0.065521
0.023147
0.040930
0.006663

0.014500
0.019072
0.042748
0.027585
0.067298
0.020018
0.044371
0.001299

0.018749
0.009456
0.038661
0.015051
0.072278
0.008210
0.051614
0.004046

0.011335
0.008577
0.027967
0.014235
0.071948
0.011173
0.032822
0.002437

0.034226
0.021935
0.041604
0.034834
0.074987
0.017613
0.040917
0.000282

0.020938
0.026543
0.024056
0.025748
0.072637
0.019520
0.036039
0.008167

0.029918
0.008988
0.050934
0.029216
0.075689
0.015474
0.043797
0.004838

0.026167
0.016120
0.048210
0.027015
0.079697
0.019008
0.056827
0.008462

0.033440
0.015189
0.049875
0.021906
0.078815
0.017862
0.051306
0.003743

0.019888
0.003065
0.035396
0.028644
0.083152
0.006723
0.042673
0.000666

0.045050
0.014159
0.059904
0.035167
0.073511
0.012962
0.044899
0.007337

0.038086
0.019881
0.055735
0.040703
0.089687
0.017329
0.062000
0.011207

0.042083
0.012993
0.049670
0.028481
0.081475
0.010421
0.048419
0.010337

0.034635
0.015281
0.056116
0.031364
0.085196
0.011801
0.051183
0.010487

0.046046
0.019911
0.052143
0.034030
0.082123
0.020453
0.051855
0.010745

0.040661
0.000851
0.048755
0.037553
0.100000
0.009900
0.059000
0.001243

0.026682
0.003882
0.036985
0.036864
0.089149
0.008432
0.049835
0.000282

0.032979
0.002039
0.046824
0.037012
0.097912
0.014314
0.041636
0.001492

0.031229
0.010097
0.046329
0.032260
0.075133
0.004421
0.052406
0.000474

0.027537
0.027122
0.051489
0.034217
0.064045
0.018783
0.038570
0.008846

0.027354
0.016250
0.045555
0.027292
0.072620
0.011263
0.039355
0.003393

0.026458
0.023774
0.050851
0.031934
0.065712
0.019501
0.038839
0.006436

0.025613
0.023231
0.045343
0.020849
0.075698
0.024699
0.038197
0.007638

0.027633
0.019159
0.043008
0.027287
0.075038
0.016915
0.039696
0.006516

0.030416
0.026096
0.041355
0.028465
0.078608
0.020954
0.049319
0.005865

0.028901
0.009581
0.046982
0.033476
0.089156
0.009765
0.048038
0.002734

0.026847
0.005978
0.036676
0.029179
0.075270
0.008428
0.042340
0.000859

0.036370
0.007079
0.030868
0.024101
0.074922
0.010251
0.041476
0.001542

0.032243
0.003339
0.041961
0.013010
0.060080
0.009766
0.051559
0.001125

0.042225
0.020617
0.053104
0.034692
0.085674
0.024561
0.047003
0.008118

0.024120
0.004757
0.053303
0.027815
0.082699
0.012883
0.041177
0.001780

0.026974
0.009438
0.048080
0.028279
0.080038
0.022493
0.054775
0.005666

0.038802
0.011647
0.051791
0.025295
0.085155
0.022458
0.050187
0.004815

0.038904
0.015737
0.041141
0.037998
0.091475
0.018632
0.057433
0.006646

0.031052
0.014947
0.034685
0.039781
0.085902
0.010684
0.053441
0.000610

0.028568
0.010127
0.040844
0.035470
0.087048
0.012845
0.044098
0.003784

0.034021
0.018272
0.045905
0.031327
0.085022
0.019895
0.047313
0.007238

0.022604
0.009413
0.026746
0.024660
0.079334
0.008365
0.050789
0.002293

0.040756
0.007517
0.042646
0.032568
0.081833
0.013251
0.045861
0.002596

0.039826
0.015290
0.038342
0.038541
0.082261
0.017599
0.053168
0.004456

0.026458
0.013974
0.038307
0.035913
0.070656
0.009157
0.049894
0.005226

0.022400
0.015067
0.037435
0.020009
0.090203
0.014964
0.059637
0.008438

0.030333
0.009270
0.052144
0.046764
0.092420
0.018380
0.053385
0.001978

0.019329
0.007799
0.045385
0.024042
0.091182
0.017895
0.030284
0.002026

0.021631
0.009173
0.054196
0.039505
0.082926
0.015428
0.043968
0.004038

0.041838
0.007569
0.046502
0.036242
0.081237
0.015095
0.048707
0.004032

0.035007
0.006559
0.033607
0.032417
0.078977
0.013529
0.048756
0.006320

0.042119
0.011849
0.054440
0.037052
0.075086
0.014271
0.051634
0.004640

0.039133
0.007059
0.045796
0.035388
0.076465
0.011476
0.044217
0.003424

0.034959
0.014993
0.045488
0.033501
0.077969
0.014585
0.050245
0.001187

0.020869
0.012871
0.041745
0.028778
0.072536
0.010563
0.060674
0.000859

0.032876
0.006759
0.040864
0.032260
0.080734
0.013085
0.040835
0.002806

0.025305
0.006697
0.027841
0.029630
0.090226
0.009591
0.049086
0.001187

0.034951
0.002703
0.047177
0.029375
0.090933
0.017872
0.047087
0.000242

0.035385
0.003907
0.046507
0.031938
0.082034
0.017660
0.049741
0.000099

0.032556
0.007246
0.051865
0.034400
0.091251
0.013803
0.053445
0.005859

0.024167
0.013240
0.042351
0.027742
0.079207
0.006213
0.055232
0.003077

0.025474
0.019265
0.056696
0.033372
0.088740
0.016176
0.059382
0.006782

0.040557
0.020451
0.054465
0.036918
0.073630
0.019710
0.041452
0.007974

0.018958
0.022819
0.042191
0.033776
0.078931
0.021644
0.048512
0.004596

0.027656
0.021039
0.044277
0.027958
0.075963
0.021636
0.035638
0.012885

0.040291
0.005693
0.056601
0.042054
0.099780
0.027232
0.063231
0.002149

0.047905
0.013875
0.057453
0.046333
0.093277
0.014170
0.057653
0.007762

0.044753
0.023918
0.060578
0.044100
0.092899
0.016105
0.064534
0.012885

0.037433
0.005645
0.052971
0.037227
0.094783
0.020829
0.046229
0.004408

0.034749
0.015433
0.057587
0.041648
0.093910
0.013105
0.055642
0.004897

0.044502
0.020870
0.054401
0.021684
0.077271
0.021457
0.048779
0.013166

0.026223
0.008969
0.056345
0.042658
0.089481
0.017141
0.049052
0.006968

0.042711
0.013835
0.054831
0.044207
0.091995
0.013484
0.058659
0.009358

0.037591
0.023949
0.051694
0.028052
0.084255
0.022002
0.053614
0.007642

0.038753
0.014030
0.051000
0.037647
0.095213
0.016316
0.047008
0.005452

0.031584
0.011553
0.040120
0.037228
0.074843
0.018579
0.031342
0.005138

0.033153
0.002705
0.034822
0.023139
0.081664
0.007308
0.045766
0.000385

0.035090
0.014405
0.043042
0.042664
0.088019
0.014905
0.049702
0.007286

0.027448
0.011509
0.037244
0.028915
0.069724
0.009105
0.047454
0.005330

0.027135
0.009537
0.047387
0.035000
0.084628
0.018018
0.052515
0.004025

0.030813
0.010591
0.029154
0.030909
0.075931
0.012386
0.053433
0.005200

0.036091
0.012263
0.052997
0.037804
0.083356
0.020329
0.062290
0.008286

0.023073
0.020063
0.055210
0.026735
0.089588
0.009211
0.054507
0.004561

0.032469
0.015126
0.052579
0.042376
0.091184
0.021746
0.051468
0.007212

0.045434
0.018626
0.056752
0.045226
0.088741
0.022888
0.065087
0.006532

0.030602
0.013852
0.051329
0.041499
0.084844
0.015370
0.049414
0.003888

0.040638
0.010813
0.048651
0.037932
0.080851
0.014464
0.046810
0.003709

0.048649
0.029862
0.062755
0.045076
0.095300
0.015273
0.065424
0.012779

0.044793
0.018783
0.061172
0.044933
0.093710
0.011474
0.061880
0.012596

0.042298
0.025885
0.065805
0.045731
0.088551
0.022874
0.065653
0.008599

0.043656
0.015638
0.064481
0.037294
0.095067
0.015793
0.063741
0.012959

0.045467
0.017161
0.063180
0.044777
0.088511
0.016632
0.062249
0.010234

0.037058
0.020402
0.055292
0.045118
0.087726
0.018298
0.061762
0.013448

0.043185
0.020148
0.057332
0.048725
0.073085
0.018440
0.058026
0.007310

0.037392
0.027779
0.060877
0.033690
0.101613
0.022481
0.050843
0.006135

0.029002
0.006514
0.034275
0.030486
0.090022
0.009844
0.043178
0.000474

0.033608
0.012740
0.039500
0.032035
0.081702
0.015895
0.042261
0.004979

0.015938
0.013852
0.038902
0.021098
0.073260
0.013034
0.045131
0.007109

0.029003
0.010509
0.034650
0.025925
0.078129
0.010937
0.050983
0.003976

0.033737
0.006170
0.040611
0.025070
0.068129
0.000105
0.044262
0.002974

0.043228
0.030129
0.057657
0.043574
0.086772
0.020842
0.047097
0.001051

0.055258
0.025418
0.056020
0.047527
0.091689
0.029750
0.067439
0.000282

0.050374
0.021707
0.058154
0.044273
0.092819
0.023041
0.050356
0.013911

0.038844
0.026593
0.058456
0.043179
0.095745
0.011783
0.058779
0.004812

0.041115
0.013031
0.061214
0.040027
0.093963
0.022996
0.053093
0.009615

0.046240
0.015032
0.059356
0.041245
0.086142
0.018475
0.050349
0.010386

0.034499
0.016389
0.053354
0.034423
0.084620
0.024347
0.058189
0.007784

0.038880
0.009521
0.059219
0.040592
0.084716
0.019372
0.049327
0.000392

0.037292
0.011606
0.041055
0.034831
0.084373
0.017048
0.044883
0.001467

0.040356
0.007112
0.051885
0.031503
0.081928
0.008474
0.051784
0.006162

0.039655
0.013001
0.049988
0.037213
0.088870
0.009706
0.057010
0.000282

0.032020
0.015255
0.057135
0.039914
0.084162
0.015107
0.050481
0.006380

0.035938
0.017483
0.045979
0.028746
0.084255
0.013779
0.044373
0.000666

0.023280
0.013066
0.045752
0.027237
0.090120
0.011292
0.039368
0.005481

0.024129
0.001973
0.030035
0.017758
0.077687
0.007683
0.051734
0.000577

