113.797773
117.849578
116.354331
114.439708
114.026425
114.653446
113.660992
114.459210
113.040983
112.988640
113.157345
115.112474
112.588031
114.665879
80.441510
80.402998
81.027566
80.626950
82.390306
80.871623
80.438838
81.497835
84.408054
82.626404
81.523592
80.222773
80.487567
80.311059
79.515398
79.139993
80.390719
83.323820
82.019442
145.900877
139.499831
144.575395
147.512018
146.483678
146.984643
147.785521
147.842996
148.054343
104.868510
106.281469
105.035097
104.356581
147.483884
144.064394
148.500306
147.470793
146.720909
146.737847
147.486421
145.451298
145.938562
150.323802
146.515790
143.911520
145.725996
145.514600
145.128189
144.251638
145.101560
143.911240
141.500887
144.431558
83.889130
83.056006
83.243900
83.255385
83.089405
84.149257
81.522107
80.084654
114.641983
116.491645
117.435126
115.860997
26.931634
26.485293
26.704539
26.625375
87.442498
86.025749
86.119099
86.803117
88.436158
86.427701
86.735121
84.983890
88.360738
88.759631
89.746090
87.231019
94.447685
99.687608
93.041484
91.390195
102.130784
95.110034
97.100760
97.803770
97.949003
98.073234
100.505153
101.772954
99.133876
98.706024
95.924160
100.167261
103.970243
101.181378
102.197657
104.167974
102.306360
101.325154
100.203596
100.802122
99.050814
92.821512
99.422515
93.369672
100.489237
100.224089
98.074598
97.992540
87.965802
87.359855
90.768568
86.082635
103.131180
102.207299
101.716303
102.872409
103.673048
101.095758
102.978509
103.115185
85.049270
88.547437
89.544745
87.156351
83.733199
88.317561
87.913560
88.373271
90.120607
85.056406
85.854513
88.505123
105.241239
104.854600
103.526464
102.846958
95.625904
99.362235
98.543904
96.805940
73.700762
76.402296
86.014945
86.913623
94.363567
94.751154
94.697831
94.421772
106.116452
104.249729
101.504058
104.213116
106.322975
105.790477
97.931555
99.837003
100.408666
99.801114
105.147513
100.428980
100.227984
97.687744
94.562995
96.314749
96.426669
96.071144
102.570727
99.640507
88.148600
86.755189
87.718136
87.318301
102.547551
102.240028
100.393084
103.097172
102.792520
99.452382
99.795780
100.596676
99.146452
96.800484
96.352041
88.712076
97.030740
98.228317
97.730711
99.480753
97.863799
97.583183
97.021353
97.618143
98.090910
99.553716
96.704109
98.567125
98.929000
92.639889
98.086355
95.251685
101.665392
100.974654
104.087716
105.462724
95.795930
97.454932
94.777808
97.956172
92.269348
94.630895
95.417087
95.808754
94.407325
94.625063
94.701675
95.266407
91.779414
91.121477
92.726391
92.623462
93.638709
93.102084
90.885060
93.505977
95.439531
97.637246
95.885802
98.163482
47.795286
49.590839
35.666193
35.917141
51.413903
50.734147
51.253282
50.698413
49.979599
52.921979
50.260793
50.590730
51.049381
51.116341
50.790775
51.498196
48.041299
49.391923
48.213130
49.367650
47.664482
48.452228
49.156974
48.750527
36.197991
49.873667
49.165920
49.645143
100.844291
101.214098
100.052597
100.050259
102.181888
99.353551
101.741247
100.551033
101.355400
102.923936
100.414136
101.343608
99.195340
101.280302
100.134364
98.859987
98.099171
99.973716
99.936660
98.002875
100.303900
98.214139
99.343893
99.112774
98.154727
96.669194
97.732774
99.405030
94.662887
94.779543
97.054594
95.669283
93.301281
98.939371
97.084389
98.192485
94.667104
93.976610
94.626974
101.093840
101.818181
100.778211
99.927511
98.987772
100.769986
97.434905
98.712671
101.375798
101.821282
100.195677
98.956480
99.610757
99.123394
99.814766
101.832956
100.636875
101.918714
99.254524
101.599116
101.944299
99.718391
98.970751
99.618175
97.257282
98.757190
96.664237
100.048201
98.613513
100.322050
99.019911
100.421463
102.759733
101.348760
101.866249
101.102123
101.470712
100.162942
99.469820
99.128539
99.604881
96.762365
98.849878
99.577072
99.377176
102.132136
101.897188
100.323808
102.872138
99.470810
100.370796
104.314744
100.428760
101.637620
100.231335
100.542463
100.747723
101.607919
100.558761
101.520262
100.890995
101.475849
101.257274
100.253246
101.092945
99.106090
100.428825
99.996409
99.335082
97.083061
94.840193
95.394296
96.626727
97.715928
98.885026
98.334405
95.387507
99.191661
96.786658
98.117127
101.853542
100.392573
101.015895
101.080689
101.128456
100.920953
99.425553
96.776444
94.899084
97.361286
97.441723
101.270243
101.718879
99.284382
100.607807
104.867122
101.614783
99.772172
97.470569
97.682827
96.345923
100.678722
98.379694
98.227312
94.291959
96.181247
100.966232
95.557113
98.774376
97.805661
100.121807
97.945254
99.340813
100.676535
97.345272
97.249731
99.113014
99.574653
99.654075
97.735685
96.149171
101.832879
98.294411
100.532734
98.515564
100.576966
101.066153
100.459484
100.192217
97.942933
99.492147
98.301529
97.414147
99.426847
98.674506
99.665391
98.614374
96.242634
99.198058
96.160795
99.103461
100.235598
98.153980
98.357987
100.158475
99.485857
98.391474
99.014422
99.528372
99.425259
97.549344
97.167391
100.166455
97.430456
97.929912
98.397578
98.994483
98.724951
99.748076
97.501404
98.726036
100.973924
99.115384
100.849723
96.849409
97.459552
96.442975
93.806297
96.395967
98.402704
97.662020
95.006697
95.769607
95.329284
102.865804
100.579009
100.388178
100.600247
101.514910
100.782882
100.987912
103.842861
98.533916
99.465918
93.512109
99.693609
95.058695
96.158163
100.519758
99.912887
99.370035
100.315654
100.079713
99.905142
100.374190
101.178156
99.582949
100.572970
98.684249
98.076997
98.396213
100.927680
