0.006226
0.015292
0.008714
0.011200
0.023355
0.006146
0.035514
0.028323
0.011355
0.042277
0.033798
0.015500
0.011131

0.007656
0.003381
0.007944
0.013533
0.013911
0.005000
0.039513
0.024011
0.003098
0.042598
0.032726
0.014507
0.010476

0.009057
0.011222
0.011933
0.022467
0.020052
0.003646
0.029643
0.023018
0.008651
0.039478
0.016302
0.007900
0.013285

0.012584
0.012240
0.009838
0.029240
0.030289
0.006771
0.035474
0.043533
0.007527
0.043654
0.036786
0.025086
0.007503

0.021752
0.013920
0.011638
0.022067
0.027192
0.008438
0.048790
0.040004
0.009505
0.040029
0.038349
0.022511
0.009940

0.006226
0.011912
0.011500
0.019733
0.021291
0.006563
0.032971
0.045956
0.007995
0.027560
0.030753
0.023619
0.004111

0.007547
0.010409
0.016005
0.016551
0.013487
0.006563
0.042417
0.038268
0.010121
0.040116
0.033170
0.027285
0.015794

0.015351
0.014467
0.013725
0.011933
0.010592
0.006250
0.048183
0.041959
0.007354
0.046929
0.034675
0.024192
0.006349

0.007925
0.014648
0.015130
0.022405
0.015000
0.005521
0.042459
0.030244
0.006899
0.033916
0.033475
0.017150
0.013392

0.009623
0.012581
0.012779
0.020800
0.022863
0.006563
0.045829
0.041786
0.011792
0.038938
0.035697
0.018700
0.018062

0.007736
0.011157
0.013872
0.019133
0.020677
0.004583
0.045786
0.027092
0.008978
0.033893
0.029188
0.029975
0.007698

0.006887
0.008659
0.010539
0.020032
0.016104
0.005625
0.045294
0.038404
0.006806
0.039544
0.033939
0.030405
0.008889

0.012264
0.007041
0.011432
0.013467
0.013825
0.004896
0.041278
0.041029
0.006698
0.029855
0.028775
0.013300
0.007302

0.012975
0.011593
0.016743
0.022963
0.030191
0.006042
0.044066
0.039799
0.005598
0.044917
0.032754
0.030399
0.012557

0.005660
0.001058
0.006061
0.018133
0.016218
0.005000
0.038238
0.029250
0.002239
0.024890
0.025451
0.009926
0.006746

0.007358
0.003084
0.005250
0.011000
0.006908
0.006458
0.039464
0.036059
0.002534
0.028535
0.030403
0.016270
0.009048

0.007830
0.005433
0.007715
0.011467
0.024311
0.007083
0.037276
0.025484
0.005500
0.028259
0.029519
0.018250
0.016171

0.006226
0.000322
0.005175
0.011667
0.011250
0.004375
0.036375
0.031875
0.001488
0.030529
0.020476
0.023400
0.007143

0.008019
0.000943
0.003346
0.010933
0.009539
0.005938
0.029765
0.028717
0.001699
0.022469
0.021653
0.015651
0.008413

0.010094
0.007760
0.005642
0.017000
0.020329
0.005702
0.037246
0.026853
0.005669
0.034865
0.028284
0.024968
0.011746

0.016256
0.007059
0.008143
0.033822
0.018361
0.010521
0.047733
0.039691
0.002673
0.050934
0.042576
0.028683
0.017184

0.018977
0.011931
0.014648
0.027267
0.032778
0.007813
0.056689
0.048558
0.011672
0.060904
0.040396
0.035777
0.021613

0.026201
0.011606
0.022224
0.035945
0.026447
0.014479
0.055251
0.049083
0.010186
0.052535
0.042836
0.042816
0.022921

0.011415
0.000147
0.005432
0.024176
0.018382
0.006146
0.039275
0.040256
0.001540
0.038456
0.034850
0.024052
0.006905

0.005189
0.000294
0.002143
0.013000
0.009868
0.005417
0.023822
0.032333
0.000635
0.027134
0.022353
0.023159
0.009320

0.007736
0.000329
0.006489
0.011067
0.019749
0.007083
0.034325
0.028917
0.001442
0.035831
0.020451
0.009750
0.012540

0.012075
0.001793
0.005500
0.011779
0.019183
0.004792
0.038462
0.042893
0.002440
0.029460
0.031300
0.022550
0.011681

0.008113
0.005384
0.005361
0.008800
0.015921
0.005625
0.037677
0.029882
0.003083
0.028300
0.025248
0.022238
0.013681

0.009811
0.004357
0.003916
0.011267
0.011382
0.006042
0.018520
0.021360
0.003416
0.023734
0.020837
0.013300
0.008333

0.008679
0.006397
0.009286
0.011067
0.013355
0.006875
0.022739
0.021791
0.006289
0.032745
0.024444
0.013279
0.008571

0.013396
0.010175
0.015468
0.031934
0.030892
0.009167
0.054868
0.044625
0.010268
0.048858
0.031009
0.035601
0.015635

0.020886
0.015842
0.017833
0.021867
0.026244
0.011250
0.039959
0.050945
0.015041
0.052079
0.039875
0.038407
0.020714

0.018091
0.016064
0.017933
0.039333
0.035322
0.011771
0.049112
0.047054
0.011209
0.045125
0.045610
0.035804
0.024036

0.021682
0.011754
0.010081
0.032788
0.036463
0.011146
0.057507
0.049646
0.006518
0.054658
0.042092
0.029998
0.015952

0.019746
0.001205
0.009684
0.024153
0.028845
0.013333
0.044400
0.040601
0.001465
0.040764
0.040902
0.029324
0.022235

0.028520
0.010774
0.007513
0.035911
0.042947
0.006250
0.058206
0.055900
0.009813
0.056060
0.041374
0.042281
0.028168

0.014180
0.003608
0.005492
0.026267
0.023763
0.012604
0.048805
0.033953
0.003571
0.044140
0.030280
0.022431
0.016225

0.025558
0.005069
0.009582
0.034570
0.033467
0.009792
0.053054
0.055436
0.005861
0.052060
0.034986
0.039996
0.024923

0.029000
0.004265
0.006018
0.030099
0.034299
0.013054
0.060488
0.052336
0.001504
0.051192
0.047087
0.042077
0.024529

0.028608
0.000147
0.009235
0.039343
0.033142
0.011979
0.060836
0.047808
0.001650
0.055265
0.045247
0.035137
0.033622

0.018302
0.004632
0.004857
0.023623
0.030478
0.015469
0.063014
0.050631
0.001111
0.054271
0.047303
0.036008
0.012809

0.023937
0.002784
0.006239
0.033328
0.032383
0.011563
0.049081
0.051515
0.002197
0.048059
0.042401
0.033824
0.024984

0.032552
0.004996
0.020448
0.045820
0.049777
0.017396
0.059011
0.048096
0.010167
0.051569
0.050515
0.046056
0.030196

0.040896
0.011753
0.019618
0.047914
0.044627
0.027853
0.070627
0.062884
0.010044
0.060822
0.048041
0.058453
0.032634

0.031013
0.004996
0.022281
0.043902
0.051376
0.017083
0.071391
0.059603
0.010419
0.066345
0.049704
0.049486
0.028055

0.018302
0.008227
0.020448
0.045350
0.043635
0.026001
0.070096
0.059857
0.010044
0.061680
0.046417
0.039696
0.026994

0.014497
0.000294
0.006375
0.021830
0.026866
0.012813
0.050874
0.038259
0.001396
0.042009
0.029226
0.031223
0.015118

0.019717
0.003824
0.006960
0.027819
0.033390
0.011458
0.054569
0.045110
0.001930
0.054766
0.034086
0.041632
0.021540

0.023609
0.005681
0.007675
0.027450
0.022930
0.008333
0.044493
0.047261
0.002781
0.038177
0.045701
0.034048
0.017638

0.021977
0.006904
0.007096
0.028863
0.023036
0.011875
0.050417
0.046655
0.004159
0.040682
0.039589
0.034427
0.017740

0.009340
0.009757
0.009467
0.014608
0.031194
0.005625
0.050006
0.032789
0.005911
0.035063
0.043970
0.029350
0.016348

0.021682
0.011754
0.010081
0.032788
0.036463
0.011146
0.057507
0.049646
0.006518
0.054658
0.042092
0.029998
0.015952

0.035705
0.012194
0.010038
0.043232
0.035332
0.006042
0.055909
0.049001
0.005667
0.048657
0.045141
0.036151
0.025982

0.022990
0.002593
0.009538
0.028800
0.031832
0.016458
0.057254
0.043071
0.002599
0.043556
0.046465
0.038380
0.020821

0.013679
0.004381
0.009988
0.032486
0.026058
0.016146
0.055531
0.048270
0.004426
0.048226
0.043235
0.038171
0.027207

0.008585
0.007369
0.011031
0.026806
0.018341
0.005833
0.052498
0.033082
0.007289
0.040052
0.032732
0.035363
0.020476

0.025285
0.000147
0.005823
0.031020
0.035298
0.009479
0.052607
0.046666
0.001640
0.046926
0.043377
0.035552
0.021827

0.028429
0.000147
0.008863
0.036421
0.034328
0.008438
0.049116
0.045980
0.001640
0.048364
0.043547
0.036753
0.028223

0.008208
0.000322
0.009177
0.030826
0.032917
0.007708
0.046719
0.045109
0.002440
0.051535
0.039808
0.036861
0.025266

0.021529
0.001058
0.009397
0.023068
0.033840
0.016444
0.050459
0.046990
0.002440
0.039424
0.040175
0.032623
0.019883

0.021442
0.003471
0.006447
0.032898
0.030780
0.014921
0.061355
0.047972
0.002197
0.045085
0.046977
0.034954
0.030953

0.029000
0.004265
0.006018
0.030099
0.034299
0.013054
0.060488
0.052336
0.001504
0.051192
0.047087
0.042077
0.024529

0.028368
0.000244
0.009304
0.037209
0.035694
0.013433
0.045451
0.037559
0.002126
0.045253
0.043502
0.042071
0.034985

0.013113
0.003034
0.011506
0.029108
0.021437
0.009063
0.047056
0.042624
0.003004
0.049056
0.039205
0.031950
0.018333

0.016509
0.011458
0.014378
0.035682
0.042646
0.011563
0.060972
0.053081
0.012723
0.061480
0.048436
0.036777
0.025238

0.022544
0.016413
0.016474
0.037009
0.018092
0.012083
0.055005
0.040480
0.013886
0.057605
0.042605
0.020124
0.021843

inf
inf
inf
inf
inf
inf
inf
inf
inf
inf
inf
inf
inf

inf
inf
inf
inf
inf
inf
inf
inf
inf
inf
inf
inf
inf

inf
inf
inf
inf
inf
inf
inf
inf
inf
inf
inf
inf
inf

inf
inf
inf
inf
inf
inf
inf
inf
inf
inf
inf
inf
inf

inf
inf
inf
inf
inf
inf
inf
inf
inf
inf
inf
inf
inf

inf
inf
inf
inf
inf
inf
inf
inf
inf
inf
inf
inf
inf

inf
inf
inf
inf
inf
inf
inf
inf
inf
inf
inf
inf
inf

inf
inf
inf
inf
inf
inf
inf
inf
inf
inf
inf
inf
inf

0.016981
0.024862
0.025714
0.026333
0.028897
0.021654
0.075699
0.060333
0.019365
0.048911
0.053238
0.040108
0.029841

0.021432
0.018775
0.020594
0.029535
0.026941
0.021146
0.061955
0.051245
0.014311
0.055259
0.047538
0.041613
0.026604

0.015000
0.017569
0.019108
0.043251
0.037547
0.005417
0.043818
0.053541
0.015462
0.055127
0.038372
0.034550
0.035114

0.024213
0.022061
0.019108
0.021538
0.033397
0.008958
0.039360
0.053625
0.014721
0.047822
0.039461
0.034550
0.023648

inf
inf
inf
inf
inf
inf
inf
inf
inf
inf
inf
inf
inf

inf
inf
inf
inf
inf
inf
inf
inf
inf
inf
inf
inf
inf

inf
inf
inf
inf
inf
inf
inf
inf
inf
inf
inf
inf
inf

inf
inf
inf
inf
inf
inf
inf
inf
inf
inf
inf
inf
inf

0.049728
0.023359
0.030904
0.043448
0.072039
0.050978
0.081329
0.063292
0.034445
0.070442
0.073782
0.053791
0.052659

0.056060
0.028455
0.029492
0.056641
0.061878
0.030746
0.073112
0.062840
0.039771
0.064579
0.050600
0.045233
0.042079

0.037418
0.025271
0.030808
0.046372
0.055843
0.022885
0.065689
0.061625
0.023470
0.058933
0.047992
0.046731
0.041948

0.051333
0.061391
0.060507
0.063400
0.056698
0.023229
0.074165
0.058176
0.035751
0.052636
0.056461
0.040343
0.033751

0.054954
0.034617
0.041583
0.053900
0.086157
0.059962
0.076230
0.083731
0.048008
0.095297
0.082926
0.096550
0.088958

0.056188
0.035340
0.044338
0.051456
0.076425
0.059962
0.076230
0.079347
0.046474
0.083435
0.063066
0.092166
0.080323

0.062657
0.044362
0.049251
0.054894
0.073553
0.060219
0.083100
0.084833
0.046228
0.081994
0.071863
0.076553
0.070466

0.051337
0.021274
0.032584
0.040576
0.069969
0.050677
0.081739
0.075807
0.042278
0.075797
0.057708
0.060171
0.051816

0.022514
0.019485
0.028591
0.032194
0.035984
0.018750
0.050216
0.035847
0.021042
0.043234
0.031891
0.028809
0.017728

0.027817
0.033286
0.026542
0.050298
0.042303
0.024856
0.066150
0.049563
0.020781
0.051402
0.042386
0.037519
0.037282

0.047296
0.023309
0.021893
0.045076
0.043267
0.022871
0.053033
0.041539
0.016084
0.035301
0.037885
0.033903
0.027326

0.028610
0.023610
0.026469
0.034123
0.036029
0.021988
0.052892
0.047417
0.022767
0.048965
0.034139
0.037344
0.030482

0.025623
0.010959
0.011614
0.039162
0.038355
0.017604
0.048128
0.031167
0.002990
0.046694
0.033279
0.026950
0.021984

0.027654
0.008885
0.012279
0.043917
0.035402
0.016563
0.057405
0.053099
0.002448
0.060978
0.040331
0.037227
0.032952

0.016226
0.016274
0.022155
0.039100
0.031834
0.014167
0.050590
0.051644
0.010907
0.058107
0.046264
0.030339
0.034539

0.015472
0.020039
0.025211
0.018933
0.017961
0.013750
0.044713
0.040418
0.017329
0.037405
0.029648
0.025700
0.017778

0.023302
0.002488
0.006382
0.034238
0.037105
0.016458
0.047418
0.035292
0.002514
0.058548
0.037869
0.035150
0.026190

0.031817
0.000294
0.006532
0.035800
0.036979
0.018750
0.050122
0.055873
0.001930
0.066355
0.048670
0.031250
0.022129

0.032830
0.003525
0.007810
0.037314
0.043094
0.012188
0.058074
0.046775
0.003416
0.062918
0.052910
0.043369
0.033211

0.028220
0.003672
0.007532
0.036867
0.033119
0.010687
0.042623
0.045333
0.002940
0.047595
0.044754
0.035300
0.025300

0.005283
0.003344
0.003372
0.021608
0.024788
0.003958
0.044841
0.044012
0.002745
0.030668
0.037131
0.028366
0.016115

0.010283
0.004785
0.004767
0.005800
0.020636
0.006563
0.032172
0.035485
0.004443
0.041194
0.027906
0.021000
0.018016

0.007642
0.005716
0.006681
0.010400
0.013947
0.004583
0.031269
0.027042
0.004524
0.031235
0.022605
0.020600
0.007778

0.010377
0.013144
0.011471
0.011199
0.019276
0.006979
0.039456
0.032178
0.007665
0.036617
0.023975
0.017650
0.007540

0.006604
0.013456
0.011929
0.019600
0.010592
0.005208
0.025779
0.022458
0.007381
0.020968
0.027442
0.023900
0.009048

0.012170
0.013583
0.013375
0.017946
0.023286
0.007604
0.033372
0.028206
0.017927
0.035071
0.028192
0.027800
0.016349

0.012925
0.002868
0.002929
0.014418
0.019554
0.006979
0.038665
0.023055
0.007296
0.041473
0.033675
0.031785
0.014635

0.006792
0.014271
0.013075
0.013533
0.021428
0.005625
0.036649
0.030500
0.014385
0.027903
0.028689
0.017850
0.012302

0.005189
0.004338
0.003857
0.006667
0.023087
0.005417
0.016598
0.034830
0.007302
0.040692
0.033873
0.007850
0.007937

0.004906
0.001765
0.001714
0.004333
0.027490
0.005521
0.037265
0.035743
0.006372
0.035008
0.029764
0.011090
0.006563

0.004717
0.006103
0.005643
0.011200
0.009276
0.005208
0.033514
0.038893
0.009951
0.044595
0.028106
0.025349
0.007143

0.008491
0.002794
0.002857
0.010800
0.023628
0.004167
0.023320
0.024083
0.010973
0.024556
0.023590
0.020050
0.012857

0.018861
0.017289
0.016081
0.035495
0.043079
0.016250
0.066685
0.059827
0.013301
0.069652
0.056802
0.033800
0.025540

0.027830
0.016718
0.020561
0.032267
0.033524
0.006354
0.045373
0.050532
0.014290
0.058860
0.055105
0.033800
0.041065

0.022642
0.016102
0.020304
0.026527
0.023956
0.013750
0.045349
0.050917
0.010795
0.049674
0.047447
0.025416
0.015338

0.022556
0.018503
0.015134
0.028302
0.031832
0.013021
0.052703
0.038597
0.012208
0.052378
0.046843
0.029188
0.023431

0.019811
0.009807
0.019298
0.034118
0.034815
0.007500
0.052151
0.045779
0.018729
0.033483
0.042613
0.034203
0.029893

0.029143
0.008728
0.013428
0.025480
0.034636
0.019144
0.051473
0.054150
0.017595
0.055611
0.034837
0.026984
0.034514

0.047212
0.014939
0.019592
0.037567
0.074521
0.037265
0.073771
0.076600
0.017989
0.091129
0.046933
0.089162
0.057781

0.015283
0.014389
0.012765
0.024630
0.029275
0.011875
0.042576
0.040197
0.016687
0.036207
0.034455
0.028600
0.022490

0.023503
0.008024
0.007625
0.025699
0.038548
0.015625
0.060494
0.048242
0.005270
0.056414
0.040832
0.032835
0.031022

0.023826
0.004462
0.005999
0.025218
0.035792
0.008542
0.054150
0.046628
0.005327
0.047126
0.048102
0.032741
0.025247

0.023113
0.008347
0.008927
0.020509
0.032531
0.006563
0.047704
0.048414
0.007211
0.048179
0.053048
0.029809
0.023192

0.028774
0.019682
0.027683
0.040861
0.039117
0.012188
0.053861
0.057653
0.017768
0.061254
0.039135
0.027870
0.031464

0.034625
0.025616
0.021763
0.030886
0.035649
0.025625
0.059083
0.058500
0.031313
0.060895
0.053607
0.043865
0.039010

0.033100
0.017863
0.021554
0.041736
0.047444
0.025706
0.067858
0.054231
0.022484
0.061984
0.047870
0.044394
0.035976

0.024340
0.022421
0.016223
0.027583
0.027423
0.013711
0.045307
0.046096
0.022355
0.055830
0.027994
0.022886
0.018315

0.016994
0.018676
0.019000
0.021000
0.027662
0.012396
0.033730
0.034542
0.018968
0.035738
0.032084
0.020900
0.015635

0.035286
0.010156
0.008552
0.036392
0.050259
0.017292
0.074590
0.048423
0.008266
0.065633
0.062957
0.048026
0.043139

0.038868
0.007968
0.009884
0.044195
0.042667
0.018646
0.065008
0.061296
0.007549
0.071688
0.055318
0.048928
0.044047

0.038047
0.006416
0.015899
0.041823
0.046659
0.036100
0.074784
0.064753
0.007745
0.066020
0.057261
0.050552
0.041609

0.033679
0.012215
0.014116
0.033270
0.049538
0.012917
0.067821
0.067280
0.012440
0.064680
0.054887
0.042784
0.039542

0.035094
0.032478
0.017868
0.040103
0.051987
0.029010
0.070631
0.050484
0.012601
0.056290
0.071967
0.047456
0.036905

0.039717
0.023532
0.012576
0.033733
0.050739
0.029167
0.052295
0.052814
0.008138
0.051210
0.076680
0.049301
0.032143

0.028208
0.027712
0.012123
0.041170
0.048676
0.017296
0.062536
0.045836
0.009770
0.056892
0.074393
0.045322
0.034800

0.025472
0.016859
0.012306
0.036280
0.045461
0.012813
0.055328
0.045821
0.006886
0.048024
0.047254
0.035400
0.037629

0.056660
0.007691
0.022357
0.033333
0.040562
0.021563
0.061763
0.059088
0.008304
0.057276
0.078749
0.051956
0.023173

0.039340
0.018022
0.020033
0.031000
0.042368
0.019792
0.062664
0.046042
0.011984
0.065284
0.062761
0.037000
0.036746

0.034434
0.016422
0.014058
0.040000
0.048487
0.029688
0.065738
0.046458
0.010492
0.066855
0.076174
0.039800
0.049444

0.036698
0.026075
0.023258
0.043511
0.051175
0.017708
0.058878
0.049378
0.016269
0.066416
0.072409
0.047799
0.031429

0.059230
0.019691
0.028255
0.044028
0.064427
0.028646
0.044754
0.056652
0.048026
0.069955
0.056512
0.057405
0.051942

0.058884
0.037491
0.036673
0.061438
0.063699
0.054904
0.076630
0.060171
0.034299
0.052567
0.057008
0.045350
0.043174

0.055984
0.020794
0.029255
0.044480
0.077596
0.056933
0.076230
0.087797
0.041335
0.095927
0.081027
0.094243
0.078266

0.034665
0.024577
0.033982
0.050200
0.049476
0.011250
0.052664
0.053667
0.039454
0.063641
0.051190
0.041500
0.038586

0.018113
0.008641
0.007321
0.025053
0.019470
0.012059
0.058811
0.040217
0.008178
0.037194
0.040308
0.021981
0.014921

0.013113
0.008899
0.009153
0.028851
0.031543
0.007396
0.047172
0.030677
0.008447
0.032038
0.041386
0.021695
0.019161

0.012547
0.008327
0.008164
0.032126
0.028351
0.010208
0.051967
0.039500
0.008162
0.038050
0.041057
0.026267
0.024412

0.019273
0.007864
0.007003
0.024333
0.032299
0.012601
0.052787
0.039083
0.008487
0.036558
0.042559
0.026074
0.021456

0.074680
0.023508
0.013583
0.070667
0.071668
0.063519
0.098534
0.092461
0.008967
0.087355
0.079093
0.075326
0.049413

0.026226
0.025096
0.013845
0.050206
0.043273
0.021563
0.085571
0.067753
0.013418
0.074478
0.060779
0.037278
0.043171

0.069300
0.037516
0.015631
0.074269
0.079178
0.063519
0.100000
0.092461
0.016006
0.090913
0.079093
0.079661
0.056268

0.063208
0.033227
0.014347
0.078858
0.072653
0.063102
0.093681
0.092461
0.008808
0.088925
0.080047
0.094481
0.055245

0.015000
0.016736
0.015927
0.021353
0.020621
0.010833
0.033341
0.032667
0.010087
0.034325
0.033197
0.024188
0.010476

0.012352
0.009110
0.011267
0.025562
0.025452
0.007396
0.046354
0.032805
0.006619
0.029570
0.034713
0.024696
0.012302

0.008962
0.007937
0.008013
0.014133
0.016382
0.007708
0.037992
0.021958
0.007528
0.017621
0.028156
0.024069
0.008642

0.017830
0.009059
0.013178
0.025467
0.025197
0.014792
0.043197
0.031298
0.009024
0.037825
0.031761
0.023336
0.007812

inf
inf
inf
inf
inf
inf
inf
inf
inf
inf
inf
inf
inf

inf
inf
inf
inf
inf
inf
inf
inf
inf
inf
inf
inf
inf

0.081596
0.022086
0.025060
0.059035
0.084817
0.067937
0.083140
0.086667
0.031737
0.084677
0.070490
0.100000
0.090999

0.089695
0.022098
0.023793
0.057356
0.084539
0.067937
0.079508
0.090528
0.032248
0.087903
0.068641
0.099650
0.093226

0.009623
0.011160
0.014786
0.020933
0.011645
0.005625
0.033038
0.022042
0.010520
0.031371
0.018882
0.013300
0.007064

0.009151
0.005588
0.012319
0.014267
0.011513
0.004688
0.013140
0.025125
0.005109
0.032730
0.014181
0.016300
0.010635

0.005472
0.007237
0.008500
0.008467
0.012303
0.005104
0.019057
0.023667
0.008175
0.017984
0.019587
0.013350
0.006825

0.008208
0.009522
0.012571
0.015867
0.014013
0.003750
0.020615
0.013250
0.008240
0.021089
0.025287
0.011800
0.009286

0.046792
0.027654
0.012790
0.040403
0.056478
0.021354
0.074263
0.070500
0.006013
0.076322
0.071274
0.040859
0.022743

0.035377
0.031532
0.012707
0.037083
0.027697
0.018478
0.074252
0.048708
0.007914
0.049395
0.075202
0.033141
0.039597

0.034434
0.026086
0.013097
0.034933
0.044671
0.021458
0.058927
0.043583
0.012047
0.074567
0.060451
0.038805
0.023190

0.010566
0.027151
0.012576
0.024904
0.041053
0.013750
0.040164
0.037417
0.008808
0.055040
0.032459
0.025150
0.023333

0.042508
0.002643
0.007142
0.040790
0.052127
0.015208
0.082570
0.061893
0.002916
0.082135
0.048101
0.069032
0.039314

0.038221
0.004013
0.009153
0.037560
0.052903
0.022604
0.080042
0.058670
0.004635
0.055036
0.048928
0.062451
0.035421

0.032856
0.003084
0.010010
0.039049
0.039890
0.021875
0.056421
0.059203
0.003242
0.046406
0.046074
0.048327
0.033314

0.036959
0.004555
0.008775
0.038808
0.049631
0.025689
0.055095
0.062587
0.005999
0.072253
0.041878
0.056527
0.037840

0.041792
0.017741
0.014239
0.037733
0.043553
0.029737
0.059672
0.043542
0.008751
0.072340
0.078520
0.039700
0.044841

0.039811
0.018486
0.013682
0.044447
0.046612
0.011667
0.051528
0.048250
0.006378
0.059255
0.068973
0.041141
0.026453

0.045089
0.027875
0.013432
0.044903
0.051388
0.019896
0.072951
0.061446
0.009339
0.066642
0.079093
0.044172
0.028095

0.024502
0.022640
0.012550
0.046295
0.044079
0.012813
0.059918
0.040208
0.004038
0.068865
0.058904
0.032833
0.014286

0.022395
0.018645
0.024877
0.036558
0.034741
0.010104
0.057748
0.056408
0.016495
0.047897
0.037800
0.034700
0.028129

0.021230
0.018045
0.024723
0.034427
0.027897
0.010938
0.050834
0.047802
0.017443
0.044050
0.041283
0.036100
0.027374

0.020283
0.017169
0.023191
0.035223
0.034852
0.009688
0.057393
0.048725
0.016669
0.048865
0.039369
0.026162
0.026171

0.031396
0.020259
0.021843
0.031712
0.042900
0.018044
0.048483
0.059417
0.016636
0.057554
0.050700
0.043733
0.027107

0.016032
0.004508
0.006589
0.019741
0.018643
0.014167
0.029467
0.020340
0.002197
0.024607
0.031451
0.015919
0.011045

0.028585
0.008533
0.007927
0.019615
0.036472
0.011853
0.055369
0.051167
0.005939
0.047995
0.033852
0.033012
0.023678

0.032944
0.001205
0.006642
0.026181
0.042845
0.013021
0.062818
0.038295
0.001972
0.044481
0.046126
0.040745
0.022091

0.024493
0.004650
0.008775
0.028756
0.033553
0.012708
0.053123
0.038829
0.002406
0.048092
0.038580
0.027732
0.014192

0.053161
0.017212
0.029459
0.041495
0.080484
0.055899
0.074590
0.089329
0.031988
0.093676
0.074001
0.096700
0.078754

0.050397
0.017343
0.026066
0.044813
0.080966
0.062620
0.079508
0.090181
0.031920
0.093676
0.069114
0.099450
0.080366

0.053161
0.018977
0.028471
0.042962
0.078527
0.055899
0.074590
0.089329
0.032978
0.093676
0.072095
0.097500
0.078983

0.053161
0.015256
0.029459
0.045248
0.080533
0.055899
0.074590
0.089329
0.033177
0.091135
0.074166
0.097500
0.078825

0.041887
0.006618
0.006571
0.035600
0.069856
0.032917
0.062910
0.064917
0.009284
0.095527
0.054139
0.077100
0.060717

0.038675
0.006912
0.006571
0.040733
0.065109
0.032158
0.064303
0.065958
0.006663
0.081948
0.057705
0.077100
0.057939

0.018491
0.017554
0.006286
0.045164
0.037213
0.010000
0.055984
0.035332
0.008808
0.060444
0.037541
0.030788
0.028810

0.029418
0.018068
0.006429
0.037600
0.037968
0.014874
0.062910
0.052875
0.008808
0.066691
0.057705
0.035318
0.027738

0.043711
0.011107
0.008853
0.046576
0.056033
0.033854
0.075656
0.064878
0.010578
0.064748
0.059127
0.059233
0.044813

0.030094
0.012874
0.019918
0.040101
0.031054
0.019792
0.064355
0.047481
0.019615
0.050756
0.039533
0.028467
0.011155

0.039055
0.014298
0.019704
0.041506
0.048084
0.026130
0.080738
0.073708
0.020046
0.071593
0.063023
0.058677
0.038407

0.031625
0.018639
0.023009
0.030133
0.043817
0.016250
0.069192
0.061135
0.008730
0.056747
0.059259
0.037886
0.027955

0.055679
0.023995
0.019359
0.055851
0.061409
0.019063
0.081458
0.089329
0.020314
0.065278
0.067954
0.087963
0.035138

0.057416
0.023177
0.024057
0.050934
0.063926
0.058879
0.074590
0.087171
0.018964
0.079379
0.072567
0.073997
0.053346

0.054467
0.026982
0.023830
0.048701
0.060767
0.058012
0.076230
0.084969
0.020501
0.070564
0.067954
0.091883
0.059905

0.027332
0.023393
0.023664
0.036260
0.034468
0.012292
0.047468
0.048208
0.019787
0.050927
0.040465
0.028586
0.019127

0.054597
0.016845
0.018503
0.046667
0.074378
0.020417
0.074590
0.085795
0.016383
0.093221
0.072940
0.085487
0.056206

0.054597
0.017163
0.019702
0.044776
0.076149
0.055274
0.074590
0.085795
0.015913
0.094693
0.073827
0.084871
0.053213

0.054597
0.020926
0.019346
0.049736
0.070354
0.055274
0.074590
0.085795
0.016151
0.092534
0.075464
0.081404
0.052633

0.054597
0.020243
0.024524
0.045393
0.059387
0.055274
0.074590
0.085795
0.013208
0.094693
0.075464
0.082722
0.059910

0.008302
0.004090
0.006632
0.023700
0.018816
0.005833
0.041434
0.033292
0.002940
0.039460
0.036767
0.026450
0.009603

0.007642
0.005973
0.007625
0.014333
0.013684
0.005729
0.034250
0.021000
0.003575
0.026129
0.011639
0.014450
0.011032

0.013396
0.005450
0.006946
0.011804
0.015592
0.008333
0.042796
0.035581
0.002933
0.044065
0.027992
0.025276
0.009048

0.010094
0.003419
0.006438
0.017683
0.018289
0.004896
0.044905
0.037953
0.003143
0.032182
0.034688
0.020744
0.010794

0.006698
0.006408
0.009185
0.023781
0.015117
0.005833
0.044954
0.043309
0.005765
0.037375
0.037276
0.033036
0.022523

0.010377
0.003382
0.003857
0.025489
0.028260
0.005625
0.039566
0.039086
0.001270
0.031451
0.029045
0.024287
0.010397

0.009809
0.002849
0.008159
0.012547
0.025403
0.006250
0.033956
0.035958
0.003249
0.045300
0.032139
0.028970
0.008254

0.004717
0.005809
0.005214
0.017154
0.017632
0.007188
0.034585
0.042502
0.004682
0.045312
0.033467
0.023999
0.015700

0.030774
0.006548
0.004943
0.022359
0.028971
0.027115
0.071687
0.041184
0.005435
0.064846
0.047127
0.031500
0.019606

0.012358
0.006548
0.004943
0.015267
0.020066
0.014583
0.021516
0.026958
0.007002
0.036179
0.032049
0.018000
0.017143

0.031881
0.005828
0.005229
0.023226
0.049409
0.023021
0.071690
0.072105
0.006844
0.067636
0.045726
0.040207
0.042222

0.014662
0.005961
0.006744
0.021709
0.036382
0.011667
0.053607
0.036792
0.008530
0.044798
0.033858
0.018350
0.030476

0.006321
0.002101
0.005860
0.012831
0.015395
0.005313
0.029269
0.026958
0.002239
0.040736
0.036521
0.021950
0.014446

0.007939
0.010588
0.010238
0.013267
0.014541
0.004167
0.035362
0.034013
0.007063
0.037080
0.025779
0.020000
0.010159

0.006415
0.009636
0.018658
0.022133
0.016101
0.004583
0.042008
0.030402
0.013651
0.033301
0.025861
0.018243
0.015011

0.006038
0.007721
0.014141
0.019925
0.021685
0.005208
0.036202
0.028140
0.006111
0.037344
0.026317
0.023954
0.007222

0.010566
0.011408
0.010749
0.018859
0.024187
0.008646
0.042628
0.026253
0.009027
0.028710
0.029062
0.024213
0.017838

0.018396
0.010190
0.010656
0.029067
0.037684
0.012396
0.044754
0.039476
0.009047
0.045656
0.032842
0.029635
0.017015

0.011226
0.011040
0.010656
0.033285
0.025461
0.010104
0.046352
0.034542
0.009206
0.042258
0.025779
0.024881
0.018413

0.012669
0.010177
0.010500
0.021242
0.022294
0.008854
0.041803
0.035487
0.004150
0.029248
0.036806
0.025500
0.012415

0.016817
0.005481
0.007786
0.008933
0.020197
0.007292
0.034754
0.030417
0.004683
0.027823
0.031168
0.030350
0.011429

0.010189
0.005665
0.007713
0.015080
0.021187
0.006875
0.047049
0.036178
0.004825
0.044554
0.037569
0.021117
0.020714

0.008981
0.006111
0.008649
0.019600
0.009079
0.007813
0.036801
0.026366
0.005606
0.028750
0.032467
0.011400
0.015238

0.018491
0.004521
0.007806
0.023344
0.030707
0.013333
0.049262
0.038068
0.005109
0.039984
0.037058
0.028127
0.022163

0.012358
0.010998
0.009000
0.021597
0.018319
0.006146
0.032787
0.034289
0.000952
0.038309
0.032254
0.025397
0.015343

0.008774
0.011137
0.011142
0.025623
0.033746
0.008854
0.043278
0.035782
0.001270
0.047363
0.033689
0.025982
0.016111

0.013208
0.014006
0.011461
0.026989
0.025930
0.008333
0.047335
0.031879
0.003880
0.036556
0.035063
0.024582
0.013318

0.014528
0.012294
0.011749
0.015733
0.011447
0.011875
0.036475
0.030833
0.011060
0.026815
0.018279
0.024660
0.013604

0.014717
0.013171
0.010779
0.021708
0.026447
0.013021
0.040654
0.034163
0.009481
0.035804
0.031961
0.020629
0.020320

0.009717
0.017945
0.012071
0.014333
0.020658
0.011563
0.023831
0.020250
0.009032
0.023987
0.022610
0.019400
0.016042

0.016226
0.022566
0.022214
0.030267
0.039145
0.016371
0.031393
0.027750
0.017854
0.052138
0.030662
0.031800
0.030952

0.009717
0.023562
0.025884
0.033834
0.023551
0.016042
0.042049
0.036444
0.021133
0.037838
0.035539
0.027291
0.013889

0.011981
0.022676
0.028884
0.035400
0.031908
0.013021
0.041165
0.034625
0.022608
0.040121
0.050491
0.027500
0.015794

0.019811
0.020090
0.016554
0.024117
0.036446
0.014167
0.055041
0.037810
0.017421
0.044759
0.040397
0.028863
0.021984

0.020963
0.026043
0.025264
0.045333
0.049427
0.012188
0.055597
0.045154
0.022720
0.051914
0.043386
0.036541
0.027817

0.020133
0.014299
0.023074
0.041518
0.026257
0.013750
0.051631
0.043613
0.021146
0.046333
0.039013
0.028787
0.025743

0.030404
0.024310
0.011317
0.038519
0.040510
0.011354
0.062468
0.042875
0.017804
0.055161
0.055582
0.036500
0.030193

0.010189
0.022112
0.017892
0.034022
0.028046
0.009167
0.038604
0.042092
0.018779
0.052419
0.038253
0.031919
0.018383

0.021887
0.021608
0.011286
0.030035
0.035324
0.012604
0.053730
0.032125
0.012148
0.053602
0.040287
0.033850
0.027204

0.020566
0.014702
0.021535
0.033136
0.031470
0.015625
0.052992
0.027219
0.015705
0.036529
0.043460
0.018750
0.014841

0.029748
0.062532
0.053993
0.059363
0.065246
0.018750
0.061534
0.077452
0.045567
0.063128
0.047365
0.047193
0.042860

0.037448
0.065783
0.068143
0.066933
0.055802
0.023918
0.049316
0.069298
0.052368
0.071901
0.042363
0.064563
0.040733

inf
inf
inf
inf
inf
inf
inf
inf
inf
inf
inf
inf
inf

inf
inf
inf
inf
inf
inf
inf
inf
inf
inf
inf
inf
inf

0.067046
0.004996
0.019268
0.055312
0.060741
0.062444
0.109131
0.111639
0.010581
0.111692
0.078304
0.099076
0.047052

0.077241
0.015145
0.017018
0.059174
0.072585
0.036179
0.118013
0.124712
0.022804
0.081877
0.077918
0.110690
0.078185

0.077241
0.015563
0.015219
0.057350
0.055640
0.040493
0.117687
0.126923
0.020866
0.079284
0.078164
0.091168
0.050013

0.077241
0.015931
0.015517
0.059649
0.055640
0.040493
0.117687
0.122487
0.022512
0.080329
0.078164
0.084564
0.072879

0.038648
0.018551
0.021653
0.051922
0.049946
0.031042
0.089626
0.049753
0.015177
0.069563
0.049579
0.040684
0.039409

0.073142
0.022016
0.016467
0.059569
0.090978
0.045413
0.095580
0.096715
0.030946
0.102599
0.089204
0.081391
0.056646

0.044676
0.011757
0.019307
0.053307
0.062696
0.047761
0.094411
0.064900
0.018157
0.083828
0.050796
0.070294
0.041855

0.027925
0.010303
0.012077
0.045299
0.051655
0.020938
0.088835
0.058930
0.012070
0.079232
0.055497
0.036650
0.033469

0.071838
0.016070
0.016139
0.055034
0.065379
0.044505
0.093910
0.100000
0.016646
0.085126
0.086232
0.073091
0.060664

0.043500
0.011757
0.020825
0.054597
0.060937
0.043375
0.090009
0.059494
0.018506
0.069953
0.065254
0.063775
0.033668

0.042418
0.019768
0.029412
0.053392
0.052586
0.045530
0.094464
0.064531
0.016340
0.079792
0.054202
0.069800
0.041998

0.037836
0.011997
0.021539
0.046583
0.055259
0.019792
0.064429
0.058313
0.007162
0.078671
0.052710
0.043266
0.022009

0.029800
0.047589
0.055874
0.059733
0.052987
0.027590
0.053036
0.073723
0.062080
0.069385
0.041334
0.052256
0.040633

0.027694
0.052609
0.054854
0.064771
0.059559
0.027679
0.055924
0.064931
0.056727
0.069999
0.042679
0.056231
0.043922

0.020283
0.055376
0.052682
0.064771
0.060483
0.027485
0.048268
0.081908
0.071667
0.082291
0.045579
0.064842
0.043157

0.036916
0.052941
0.054286
0.061333
0.063551
0.018678
0.050462
0.076719
0.061252
0.087306
0.055480
0.056755
0.040999

0.026935
0.049026
0.058578
0.065727
0.057530
0.017396
0.048864
0.078418
0.070004
0.080605
0.046910
0.060092
0.038449

0.031924
0.056700
0.057864
0.067864
0.055796
0.015938
0.052289
0.081174
0.066336
0.085045
0.047811
0.061563
0.039365

0.036290
0.055978
0.057068
0.066356
0.063238
0.017604
0.057650
0.073604
0.057938
0.079605
0.050041
0.063623
0.044605

0.029255
0.051633
0.059302
0.069333
0.053212
0.025885
0.044742
0.081229
0.057141
0.072373
0.042827
0.059900
0.037670

inf
inf
inf
inf
inf
inf
inf
inf
inf
inf
inf
inf
inf

0.029846
0.059933
0.052066
0.049353
0.052393
0.021617
0.059386
0.065981
0.046323
0.060017
0.042236
0.050195
0.033571

0.025704
0.067490
0.069286
0.067479
0.053599
0.023854
0.053404
0.074282
0.053476
0.060566
0.041628
0.060474
0.035269

0.032010
0.070544
0.067429
0.072806
0.050938
0.031042
0.044514
0.072501
0.063825
0.071814
0.045925
0.068357
0.038378

0.010943
0.014188
0.016357
0.013178
0.022942
0.005938
0.030825
0.030542
0.010641
0.039201
0.035796
0.013950
0.017071

0.008679
0.008683
0.005414
0.012533
0.018312
0.005417
0.034830
0.033090
0.003749
0.023542
0.025806
0.021600
0.012688

0.010094
0.008970
0.015206
0.015600
0.025724
0.007708
0.031762
0.031864
0.007054
0.025161
0.031189
0.025550
0.017273

0.010943
0.012229
0.014241
0.017333
0.016357
0.008333
0.036271
0.028208
0.006972
0.033512
0.028471
0.021066
0.014206

0.017917
0.004996
0.009763
0.026670
0.022973
0.009063
0.040870
0.038727
0.003102
0.042573
0.038816
0.022365
0.003853

0.008019
0.004996
0.007046
0.029806
0.027432
0.006563
0.050118
0.037750
0.005429
0.035006
0.033808
0.028550
0.012207

0.012925
0.008108
0.006524
0.030311
0.024293
0.008229
0.044135
0.031667
0.005219
0.042344
0.021107
0.024150
0.012670

0.007547
0.009845
0.010110
0.021333
0.029563
0.006667
0.051120
0.039342
0.008508
0.036250
0.035857
0.032700
0.021867

0.012264
0.007556
0.007286
0.022725
0.027859
0.006667
0.050246
0.039631
0.008739
0.036739
0.036602
0.026461
0.013659

0.023679
0.009551
0.011714
0.021364
0.022434
0.008125
0.040789
0.039227
0.003683
0.045054
0.033479
0.028386
0.020079

0.013331
0.014304
0.014621
0.026467
0.023004
0.009271
0.052131
0.042250
0.005159
0.043736
0.034662
0.027187
0.012381

0.013142
0.004041
0.009156
0.017667
0.019234
0.008438
0.028934
0.023792
0.004085
0.032312
0.034601
0.017884
0.013095

0.018646
0.006049
0.012369
0.020133
0.025206
0.006250
0.047156
0.038117
0.007772
0.032841
0.036393
0.025730
0.017098

0.014906
0.011465
0.012028
0.025386
0.019354
0.008646
0.047131
0.042042
0.005623
0.043178
0.040315
0.024021
0.013382

0.012264
0.010640
0.011965
0.019705
0.024014
0.006771
0.040820
0.026708
0.004692
0.035474
0.035870
0.016484
0.008968

0.023614
0.005879
0.009887
0.027393
0.027247
0.011667
0.059006
0.044883
0.006574
0.051169
0.037405
0.026460
0.016111

0.006604
0.004996
0.004714
0.024853
0.018896
0.007604
0.026704
0.028274
0.007034
0.017914
0.023143
0.015400
0.012063

0.017453
0.005437
0.014304
0.018933
0.020329
0.006771
0.043281
0.035279
0.005945
0.040484
0.040205
0.025894
0.019781

0.014434
0.011546
0.014646
0.022447
0.026117
0.008125
0.044837
0.036368
0.000873
0.038662
0.031574
0.026059
0.011434

0.019623
0.007883
0.007397
0.026067
0.025212
0.010833
0.044547
0.033014
0.007210
0.034589
0.039667
0.024442
0.016341

0.015377
0.010391
0.009818
0.022000
0.021156
0.007396
0.040327
0.040667
0.005034
0.041055
0.040154
0.029088
0.014444

0.013585
0.007829
0.010919
0.022701
0.028279
0.005729
0.039058
0.044988
0.002951
0.035626
0.028682
0.030100
0.015079

0.017358
0.013927
0.015540
0.029252
0.028092
0.008333
0.050041
0.043500
0.002440
0.039325
0.028236
0.028914
0.021515

0.016226
0.007980
0.008601
0.022957
0.023421
0.006771
0.045487
0.033019
0.002573
0.045964
0.031409
0.028521
0.011746

0.005283
0.005780
0.009845
0.017667
0.021024
0.006771
0.043374
0.038375
0.004260
0.032743
0.035652
0.022932
0.016824

0.016226
0.013848
0.012707
0.033277
0.022648
0.006667
0.045685
0.034956
0.012580
0.043862
0.036692
0.029020
0.016587

0.011509
0.012945
0.017591
0.029565
0.027929
0.006458
0.041988
0.047752
0.010630
0.042863
0.040459
0.025433
0.018968

0.006509
0.011260
0.015071
0.015667
0.024334
0.007917
0.051413
0.039612
0.012027
0.040442
0.036465
0.029200
0.015574

0.010943
0.020684
0.019847
0.027496
0.019932
0.008125
0.048518
0.041958
0.011618
0.046371
0.038848
0.017650
0.016626

0.018302
0.011610
0.009743
0.023261
0.033609
0.009167
0.038105
0.043701
0.006380
0.045939
0.037014
0.030700
0.017604

0.010472
0.007830
0.004786
0.020323
0.016819
0.006979
0.023289
0.029292
0.005010
0.041966
0.019313
0.020986
0.012283

0.016698
0.008928
0.007524
0.027333
0.030028
0.007188
0.038680
0.026000
0.007628
0.044637
0.029508
0.024900
0.022540

0.018679
0.011024
0.013479
0.023200
0.019822
0.011042
0.049083
0.027958
0.005276
0.044267
0.028962
0.013000
0.011539

0.019811
0.008963
0.017857
0.024000
0.037133
0.007292
0.047213
0.039963
0.009976
0.050887
0.040673
0.028650
0.022131

0.009340
0.010682
0.013604
0.018797
0.018929
0.005000
0.037828
0.029500
0.005854
0.035623
0.028402
0.024005
0.015138

0.011415
0.011255
0.012508
0.022197
0.017950
0.011563
0.047354
0.038500
0.008383
0.034423
0.037309
0.032347
0.014454

0.021887
0.012661
0.011601
0.031998
0.031627
0.011771
0.049812
0.039042
0.009228
0.048911
0.043103
0.038500
0.025352

0.013679
0.009094
0.007643
0.012800
0.015075
0.008229
0.040739
0.031042
0.006290
0.044718
0.042035
0.019426
0.015556

0.013396
0.007024
0.007910
0.019000
0.032092
0.011458
0.039333
0.040010
0.003784
0.040543
0.023852
0.024327
0.018526

0.014623
0.004490
0.010604
0.026524
0.032410
0.010208
0.052961
0.032791
0.003918
0.044832
0.038473
0.040034
0.020981

0.009245
0.009477
0.007196
0.020650
0.020921
0.006250
0.039810
0.037102
0.005761
0.040696
0.031587
0.022249
0.013665

0.020943
0.004996
0.012859
0.022424
0.029107
0.009896
0.052039
0.047500
0.006217
0.035806
0.043303
0.027651
0.008287

0.014916
0.003554
0.008866
0.013371
0.029576
0.008542
0.047991
0.036000
0.003242
0.036339
0.035919
0.027099
0.021899

0.011981
0.012242
0.011895
0.017267
0.031491
0.008125
0.048614
0.040667
0.007737
0.040887
0.029681
0.026500
0.019129

0.029616
0.025254
0.028203
0.030267
0.038951
0.016812
0.055247
0.026042
0.013935
0.038129
0.029386
0.030000
0.031032

0.028511
0.017794
0.014211
0.030870
0.033882
0.010313
0.055784
0.021375
0.015633
0.027137
0.017623
0.016050
0.019286

0.025777
0.020840
0.024434
0.038536
0.035901
0.007500
0.052785
0.042375
0.010844
0.049011
0.026262
0.025600
0.024528

0.022511
0.014157
0.018475
0.029552
0.038232
0.010313
0.048022
0.046725
0.013602
0.050491
0.027268
0.034098
0.022644

0.024434
0.014702
0.022717
0.041440
0.035245
0.008438
0.047131
0.041692
0.012221
0.048934
0.040645
0.042389
0.022045

0.006887
0.004698
0.007672
0.012935
0.028523
0.007509
0.043497
0.032941
0.005045
0.032814
0.036419
0.022748
0.016477

0.009151
0.001448
0.005283
0.017956
0.019915
0.005833
0.035227
0.021042
0.003588
0.037538
0.025123
0.011250
0.011066

0.010943
0.004605
0.004939
0.017667
0.009211
0.004583
0.035786
0.031768
0.002089
0.037944
0.029451
0.025125
0.011984

0.005849
0.000882
0.002000
0.010067
0.013758
0.006250
0.033038
0.032538
0.001905
0.032087
0.017047
0.019902
0.006270

0.004906
0.003425
0.011101
0.017600
0.023511
0.006146
0.048292
0.031659
0.004468
0.031827
0.037981
0.021838
0.012619

0.009809
0.000322
0.008946
0.019348
0.009737
0.004792
0.038011
0.039958
0.002131
0.026034
0.040489
0.012544
0.008968

0.011509
0.007584
0.007143
0.028483
0.024782
0.003750
0.021843
0.034322
0.001111
0.042400
0.035331
0.031148
0.009127

0.009528
0.009919
0.007667
0.026600
0.023267
0.007708
0.039960
0.024810
0.005695
0.039658
0.035596
0.024452
0.016365

0.016038
0.010588
0.013272
0.010995
0.011908
0.008333
0.024754
0.032542
0.006901
0.038076
0.026686
0.026500
0.011984

0.012264
0.010270
0.010734
0.020881
0.024273
0.005729
0.046072
0.029531
0.009658
0.036734
0.039662
0.029328
0.016349

0.017012
0.016155
0.014430
0.026586
0.025388
0.007813
0.038431
0.045542
0.006667
0.047577
0.031082
0.018300
0.008651

0.023423
0.021291
0.015538
0.025467
0.019840
0.008750
0.038385
0.046458
0.010079
0.049137
0.034652
0.023569
0.022601

0.010943
0.017130
0.012071
0.023600
0.020772
0.008854
0.043562
0.045618
0.016595
0.042278
0.030322
0.028990
0.020794

0.015283
0.013338
0.014998
0.026289
0.030262
0.007188
0.055431
0.051031
0.016478
0.051114
0.030986
0.036720
0.027355

0.020016
0.014265
0.012214
0.011133
0.022696
0.009063
0.052302
0.043464
0.008125
0.038285
0.043193
0.024181
0.017634

0.012986
0.011992
0.018708
0.022306
0.035766
0.008542
0.052510
0.044704
0.016504
0.055717
0.034844
0.035450
0.029380

0.022170
0.009922
0.016109
0.031215
0.035694
0.009896
0.063013
0.048755
0.019862
0.046245
0.039454
0.047599
0.032494

0.023585
0.018375
0.022703
0.033104
0.022570
0.006875
0.058072
0.036843
0.016188
0.044590
0.046890
0.027650
0.029136

0.018295
0.013378
0.016411
0.022601
0.028579
0.006771
0.044311
0.043964
0.012077
0.041832
0.036971
0.033100
0.022197

0.025235
0.009053
0.013688
0.034800
0.026310
0.016667
0.053882
0.027125
0.010328
0.035458
0.028154
0.029300
0.022142

0.025645
0.017663
0.015982
0.028683
0.035893
0.007188
0.056072
0.044166
0.014943
0.027625
0.013430
0.035827
0.017904

0.025777
0.021731
0.026016
0.037928
0.028289
0.007500
0.051219
0.038458
0.011550
0.041008
0.026189
0.029084
0.022460

0.021509
0.008749
0.009714
0.029552
0.036095
0.006458
0.047530
0.045208
0.007227
0.048451
0.027268
0.029957
0.022644

0.011604
0.006757
0.008984
0.019269
0.011164
0.005833
0.040854
0.027981
0.005238
0.026414
0.027915
0.014447
0.012302

0.010094
0.012875
0.013983
0.020773
0.016073
0.006146
0.045518
0.027903
0.008637
0.045460
0.027982
0.027713
0.019841

0.013785
0.016276
0.016644
0.021449
0.016760
0.008472
0.049578
0.038398
0.009785
0.043396
0.039963
0.025934
0.021546

0.006226
0.007222
0.006286
0.013933
0.009671
0.005938
0.038179
0.033781
0.004108
0.044884
0.031563
0.015190
0.006587

0.010660
0.010314
0.009714
0.020131
0.024666
0.007917
0.051858
0.036042
0.000794
0.049919
0.033458
0.026150
0.012857

0.011792
0.004755
0.002601
0.014600
0.025415
0.008438
0.038423
0.033425
0.003651
0.038324
0.033263
0.031994
0.010079

0.011321
0.006485
0.004865
0.025390
0.031199
0.007708
0.022827
0.029160
0.004229
0.032063
0.034535
0.032251
0.021169

0.013868
0.010354
0.012748
0.021708
0.022384
0.009479
0.039484
0.040615
0.008336
0.033342
0.038040
0.036000
0.020148

0.011604
0.004702
0.006196
0.016400
0.018158
0.007917
0.027377
0.035310
0.004712
0.034474
0.025479
0.023622
0.014603

0.017358
0.003450
0.007867
0.025237
0.026361
0.006146
0.037904
0.039323
0.004762
0.037961
0.028051
0.021300
0.013254

0.018113
0.017806
0.015997
0.035600
0.026985
0.009271
0.047484
0.051591
0.012426
0.046647
0.035345
0.030932
0.022545

0.016226
0.007463
0.012859
0.027306
0.027357
0.005313
0.052892
0.047994
0.007872
0.036884
0.037079
0.038742
0.023361

0.015943
0.012576
0.014479
0.034733
0.025729
0.009896
0.047154
0.046682
0.009830
0.045988
0.036209
0.028080
0.021194

0.017207
0.010842
0.005071
0.027476
0.031003
0.005521
0.041875
0.048195
0.008557
0.054034
0.036855
0.032287
0.026212

0.013679
0.012975
0.015383
0.022640
0.026168
0.009688
0.053618
0.050897
0.010036
0.052917
0.032934
0.037349
0.023147

0.012010
0.003250
0.007942
0.017164
0.011701
0.004167
0.043954
0.035805
0.003421
0.037976
0.031433
0.025867
0.013557

0.031200
0.008374
0.010281
0.028067
0.036209
0.013542
0.050903
0.052924
0.008967
0.048915
0.039013
0.038556
0.026024

0.017544
0.008897
0.008071
0.021256
0.034464
0.006146
0.048570
0.033458
0.010658
0.049396
0.039778
0.036450
0.027664

0.013302
0.006536
0.006785
0.027253
0.015138
0.011146
0.047542
0.033303
0.004051
0.048513
0.028941
0.031207
0.006429

0.016308
0.008377
0.007860
0.019296
0.031692
0.009167
0.046028
0.052639
0.005984
0.047686
0.032585
0.035868
0.015238

0.018868
0.000956
0.007956
0.036533
0.035406
0.010521
0.042893
0.052966
0.001508
0.046808
0.042362
0.034734
0.017857

0.014712
0.005336
0.008842
0.023845
0.027639
0.008542
0.049655
0.038909
0.005888
0.044036
0.037215
0.030691
0.020265

0.009906
0.014605
0.011363
0.028755
0.019934
0.008021
0.042628
0.039682
0.008309
0.043099
0.038416
0.030273
0.020159

0.009528
0.007320
0.008044
0.017267
0.023459
0.005625
0.040965
0.029635
0.005714
0.036672
0.030246
0.013050
0.017063

0.007547
0.007583
0.009868
0.022911
0.016819
0.005625
0.043640
0.033005
0.004921
0.032140
0.027668
0.019699
0.008651

0.011604
0.004996
0.008116
0.015867
0.018158
0.007188
0.041311
0.030244
0.002832
0.032673
0.029559
0.028933
0.010238

0.009151
0.005995
0.007331
0.010467
0.015855
0.004271
0.029528
0.029127
0.003467
0.022924
0.023578
0.015618
0.011508

0.010943
0.006216
0.007760
0.014000
0.009868
0.005000
0.027063
0.026917
0.003299
0.019276
0.019385
0.016148
0.011542

0.007925
0.002183
0.006079
0.023281
0.016513
0.006250
0.023700
0.031628
0.000952
0.028547
0.024631
0.015000
0.011894

0.007925
0.004400
0.004624
0.008086
0.012095
0.009167
0.036080
0.023500
0.003841
0.026936
0.023443
0.018700
0.012601

0.012358
0.020859
0.014196
0.025867
0.033617
0.006875
0.043194
0.038417
0.008242
0.042177
0.038281
0.029278
0.024071

0.013113
0.007562
0.011946
0.025980
0.032434
0.006875
0.046731
0.035583
0.007131
0.036532
0.038225
0.029150
0.018355

0.010094
0.007605
0.008667
0.021695
0.020482
0.010938
0.039104
0.043500
0.006019
0.039919
0.036534
0.025950
0.020331

0.023440
0.004755
0.011047
0.027587
0.028140
0.006875
0.043656
0.043481
0.003773
0.038402
0.039220
0.040801
0.017864

0.007547
0.003576
0.006785
0.019869
0.015342
0.006875
0.037001
0.036579
0.004461
0.048992
0.034229
0.020195
0.014734

0.014057
0.018633
0.017398
0.027667
0.026711
0.008229
0.046422
0.035083
0.012514
0.035081
0.031680
0.026900
0.017619

0.010849
0.018515
0.019916
0.029920
0.027953
0.008125
0.042612
0.033379
0.018657
0.036852
0.043921
0.026428
0.010238

0.010189
0.013369
0.018800
0.024767
0.021509
0.004375
0.055889
0.045665
0.013806
0.039650
0.035738
0.025960
0.019683

0.012453
0.019562
0.021433
0.025639
0.026327
0.005625
0.045468
0.041268
0.012639
0.041222
0.035516
0.025300
0.015473

0.013113
0.008978
0.006143
0.018216
0.017796
0.007917
0.041870
0.038970
0.002940
0.043597
0.031221
0.020350
0.015717

0.014151
0.013785
0.012526
0.021629
0.027311
0.005208
0.051851
0.039335
0.010331
0.041455
0.042569
0.018940
0.012611

0.022830
0.009706
0.009305
0.027508
0.028239
0.007188
0.040785
0.041802
0.010063
0.042379
0.034564
0.020546
0.019550

0.017654
0.012809
0.005868
0.013000
0.032344
0.009688
0.045656
0.038690
0.010503
0.044891
0.037048
0.032479
0.019524

0.009057
0.012433
0.008929
0.027741
0.024748
0.012708
0.053491
0.045374
0.006012
0.049898
0.046728
0.034957
0.022266

0.013302
0.005999
0.007195
0.014733
0.026223
0.008021
0.040127
0.032392
0.007307
0.032988
0.022385
0.022963
0.008030

0.021509
0.003534
0.008292
0.028717
0.033056
0.010000
0.048838
0.035117
0.002462
0.040595
0.032409
0.033399
0.016338

0.011792
0.014788
0.013031
0.013600
0.021072
0.007083
0.027623
0.042506
0.007766
0.023643
0.034591
0.022402
0.014368

0.012354
0.019024
0.017018
0.029342
0.030775
0.005104
0.052040
0.053046
0.005074
0.048769
0.034204
0.028891
0.012857

0.016038
0.010968
0.012920
0.027154
0.034086
0.010729
0.045738
0.039900
0.005760
0.049823
0.038492
0.033347
0.017302

0.013113
0.008144
0.016417
0.028445
0.030502
0.010000
0.054476
0.054671
0.006595
0.047556
0.040428
0.027900
0.018571

0.007547
0.013944
0.017054
0.026000
0.031505
0.006771
0.043971
0.043453
0.011710
0.051013
0.040765
0.030719
0.016685

0.005755
0.009009
0.011972
0.018733
0.017171
0.010287
0.021254
0.028806
0.006746
0.024360
0.037077
0.028154
0.015610

0.005283
0.009954
0.010714
0.010267
0.015461
0.004479
0.024474
0.036708
0.008008
0.041368
0.021107
0.022000
0.016667

0.009057
0.007794
0.009415
0.008800
0.021287
0.006667
0.036562
0.035898
0.007536
0.036636
0.032953
0.027987
0.015794

0.016698
0.008928
0.007524
0.027333
0.030028
0.007188
0.038680
0.026000
0.007628
0.044637
0.029508
0.024900
0.022540

0.018679
0.011024
0.013479
0.023200
0.019822
0.011042
0.049083
0.027958
0.005276
0.044267
0.028962
0.013000
0.011539

0.019811
0.008963
0.017857
0.024000
0.037133
0.007292
0.047213
0.039963
0.009976
0.050887
0.040673
0.028650
0.022131

0.009340
0.010682
0.013604
0.018797
0.018929
0.005000
0.037828
0.029500
0.005854
0.035623
0.028402
0.024005
0.015138

0.006038
0.014265
0.015286
0.012867
0.007105
0.004479
0.034282
0.032533
0.012653
0.028123
0.026525
0.008550
0.008492

0.005943
0.008328
0.009571
0.009067
0.016121
0.005833
0.039713
0.031860
0.004901
0.034054
0.021475
0.010350
0.006587

0.006415
0.006614
0.007814
0.016200
0.009276
0.005833
0.038918
0.034202
0.003791
0.035536
0.035275
0.016492
0.011300

0.007827
0.005578
0.008436
0.013000
0.015263
0.005208
0.022418
0.015946
0.003149
0.025860
0.026550
0.019550
0.008413

0.006981
0.006583
0.010424
0.012267
0.011447
0.006146
0.026400
0.010819
0.002303
0.038928
0.011557
0.011500
0.009206

0.006226
0.011250
0.016489
0.020494
0.012763
0.005000
0.030180
0.017125
0.008171
0.022581
0.022254
0.016800
0.010000

0.009434
0.006794
0.010191
0.013600
0.018283
0.005729
0.026492
0.032311
0.002587
0.043300
0.031271
0.016900
0.007937

0.008208
0.008743
0.008382
0.010600
0.011972
0.005000
0.021692
0.030277
0.009525
0.039011
0.033242
0.017244
0.009524

0.007736
0.005824
0.009667
0.028387
0.014474
0.006875
0.043294
0.027000
0.003870
0.035950
0.040501
0.026306
0.008651

0.007576
0.004819
0.007107
0.017400
0.017365
0.006667
0.034761
0.031292
0.001270
0.032307
0.014959
0.017746
0.007619

0.011038
0.010814
0.022245
0.024870
0.024018
0.007500
0.045010
0.040581
0.012353
0.039898
0.037168
0.028247
0.021209

0.016146
0.017082
0.020105
0.033735
0.027009
0.005938
0.049556
0.046777
0.010794
0.042285
0.038572
0.032850
0.026111

0.013585
0.013675
0.014500
0.016529
0.028032
0.007813
0.042473
0.037639
0.010819
0.041537
0.029811
0.032838
0.017143

0.014447
0.014528
0.018360
0.025865
0.019094
0.008646
0.042844
0.039535
0.015679
0.041447
0.034008
0.025821
0.008889

0.008962
0.017367
0.019423
0.024896
0.010329
0.005521
0.043721
0.045230
0.010476
0.043149
0.037256
0.032085
0.014755

0.023100
0.000735
0.006658
0.024953
0.035331
0.010313
0.058362
0.045882
0.002758
0.041204
0.035802
0.037750
0.025589

0.008868
0.002740
0.005413
0.016371
0.013355
0.008542
0.040122
0.033949
0.002239
0.038265
0.043418
0.022550
0.015556

0.009811
0.001076
0.004896
0.015400
0.020987
0.008021
0.044713
0.028144
0.001746
0.039683
0.030246
0.017026
0.018273

0.011038
0.005290
0.006571
0.019067
0.013224
0.003854
0.034385
0.027500
0.002997
0.029592
0.038031
0.022699
0.010159

0.010943
0.014188
0.016357
0.013178
0.022942
0.005938
0.030825
0.030542
0.010641
0.039201
0.035796
0.013950
0.017071

0.008679
0.008683
0.005414
0.012533
0.018312
0.005417
0.034830
0.033090
0.003749
0.023542
0.025806
0.021600
0.012688

0.010094
0.008970
0.015206
0.015600
0.025724
0.007708
0.031762
0.031864
0.007054
0.025161
0.031189
0.025550
0.017273

0.010943
0.012229
0.014241
0.017333
0.016357
0.008333
0.036271
0.028208
0.006972
0.033512
0.028471
0.021066
0.014206

0.009245
0.007279
0.008786
0.007400
0.019228
0.005208
0.037571
0.036021
0.005952
0.036847
0.020492
0.016002
0.013333

0.006887
0.017691
0.012000
0.022117
0.021273
0.006458
0.034258
0.037217
0.009727
0.038936
0.034673
0.027186
0.010101

0.006887
0.004698
0.007672
0.012935
0.028523
0.007509
0.043497
0.032941
0.005045
0.032814
0.036419
0.022748
0.016477

0.009151
0.001448
0.005283
0.017956
0.019915
0.005833
0.035227
0.021042
0.003588
0.037538
0.025123
0.011250
0.011066

0.010943
0.004605
0.004939
0.017667
0.009211
0.004583
0.035786
0.031768
0.002089
0.037944
0.029451
0.025125
0.011984

0.005849
0.000882
0.002000
0.010067
0.013758
0.006250
0.033038
0.032538
0.001905
0.032087
0.017047
0.019902
0.006270

0.009906
0.011353
0.012286
0.018733
0.022112
0.005729
0.040069
0.038768
0.007073
0.045377
0.033020
0.030246
0.008889

0.017917
0.004996
0.009763
0.026670
0.022973
0.009063
0.040870
0.038727
0.003102
0.042573
0.038816
0.022365
0.003853

0.008019
0.004996
0.007046
0.029806
0.027432
0.006563
0.050118
0.037750
0.005429
0.035006
0.033808
0.028550
0.012207

0.012925
0.008108
0.006524
0.030311
0.024293
0.008229
0.044135
0.031667
0.005219
0.042344
0.021107
0.024150
0.012670

0.007547
0.009845
0.010110
0.021333
0.029563
0.006667
0.051120
0.039342
0.008508
0.036250
0.035857
0.032700
0.021867

0.012264
0.007556
0.007286
0.022725
0.027859
0.006667
0.050246
0.039631
0.008739
0.036739
0.036602
0.026461
0.013659

0.023679
0.009551
0.011714
0.021364
0.022434
0.008125
0.040789
0.039227
0.003683
0.045054
0.033479
0.028386
0.020079

0.013331
0.014304
0.014621
0.026467
0.023004
0.009271
0.052131
0.042250
0.005159
0.043736
0.034662
0.027187
0.012381

0.013142
0.004041
0.009156
0.017667
0.019234
0.008438
0.028934
0.023792
0.004085
0.032312
0.034601
0.017884
0.013095

0.018646
0.006049
0.012369
0.020133
0.025206
0.006250
0.047156
0.038117
0.007772
0.032841
0.036393
0.025730
0.017098

0.014906
0.011465
0.012028
0.025386
0.019354
0.008646
0.047131
0.042042
0.005623
0.043178
0.040315
0.024021
0.013382

0.012264
0.010640
0.011965
0.019705
0.024014
0.006771
0.040820
0.026708
0.004692
0.035474
0.035870
0.016484
0.008968

0.009057
0.005731
0.013721
0.017600
0.028988
0.004792
0.038320
0.035458
0.006757
0.044360
0.033346
0.026042
0.008175

0.023614
0.005879
0.009887
0.027393
0.027247
0.011667
0.059006
0.044883
0.006574
0.051169
0.037405
0.026460
0.016111

0.006604
0.004996
0.004714
0.024853
0.018896
0.007604
0.026704
0.028274
0.007034
0.017914
0.023143
0.015400
0.012063

0.017453
0.005437
0.014304
0.018933
0.020329
0.006771
0.043281
0.035279
0.005945
0.040484
0.040205
0.025894
0.019781

0.014434
0.011546
0.014646
0.022447
0.026117
0.008125
0.044837
0.036368
0.000873
0.038662
0.031574
0.026059
0.011434

0.019623
0.007883
0.007397
0.026067
0.025212
0.010833
0.044547
0.033014
0.007210
0.034589
0.039667
0.024442
0.016341

0.015377
0.010391
0.009818
0.022000
0.021156
0.007396
0.040327
0.040667
0.005034
0.041055
0.040154
0.029088
0.014444

0.013585
0.007829
0.010919
0.022701
0.028279
0.005729
0.039058
0.044988
0.002951
0.035626
0.028682
0.030100
0.015079

0.017358
0.013927
0.015540
0.029252
0.028092
0.008333
0.050041
0.043500
0.002440
0.039325
0.028236
0.028914
0.021515

0.016226
0.007980
0.008601
0.022957
0.023421
0.006771
0.045487
0.033019
0.002573
0.045964
0.031409
0.028521
0.011746

0.005283
0.005780
0.009845
0.017667
0.021024
0.006771
0.043374
0.038375
0.004260
0.032743
0.035652
0.022932
0.016824

0.004906
0.003425
0.011101
0.017600
0.023511
0.006146
0.048292
0.031659
0.004468
0.031827
0.037981
0.021838
0.012619

0.009809
0.000322
0.008946
0.019348
0.009737
0.004792
0.038011
0.039958
0.002131
0.026034
0.040489
0.012544
0.008968

0.011509
0.007584
0.007143
0.028483
0.024782
0.003750
0.021843
0.034322
0.001111
0.042400
0.035331
0.031148
0.009127

0.009528
0.009919
0.007667
0.026600
0.023267
0.007708
0.039960
0.024810
0.005695
0.039658
0.035596
0.024452
0.016365

0.016038
0.010588
0.013272
0.010995
0.011908
0.008333
0.024754
0.032542
0.006901
0.038076
0.026686
0.026500
0.011984

0.016226
0.013848
0.012707
0.033277
0.022648
0.006667
0.045685
0.034956
0.012580
0.043862
0.036692
0.029020
0.016587

0.011509
0.012945
0.017591
0.029565
0.027929
0.006458
0.041988
0.047752
0.010630
0.042863
0.040459
0.025433
0.018968

0.006509
0.011260
0.015071
0.015667
0.024334
0.007917
0.051413
0.039612
0.012027
0.040442
0.036465
0.029200
0.015574

0.010943
0.020684
0.019847
0.027496
0.019932
0.008125
0.048518
0.041958
0.011618
0.046371
0.038848
0.017650
0.016626

0.010566
0.018745
0.014018
0.023089
0.031016
0.005521
0.048852
0.045588
0.001111
0.046159
0.038409
0.028237
0.022949

0.030000
0.009377
0.011420
0.037946
0.036565
0.011972
0.061787
0.050619
0.006280
0.044665
0.048101
0.032879
0.028038

0.020670
0.018882
0.011800
0.039513
0.032504
0.011354
0.044775
0.032125
0.016500
0.046953
0.049382
0.040350
0.019782

0.021427
0.004996
0.016624
0.032713
0.038454
0.012604
0.056088
0.044429
0.011506
0.050147
0.047555
0.041100
0.019843

0.011877
0.008162
0.008439
0.026111
0.026879
0.013046
0.058180
0.042171
0.007857
0.052899
0.037670
0.035100
0.023872

0.018208
0.015108
0.020653
0.016333
0.019013
0.013646
0.048589
0.036428
0.013617
0.035012
0.032367
0.028831
0.018926

0.017925
0.005113
0.015260
0.020000
0.034486
0.015000
0.050397
0.037792
0.000952
0.053317
0.032951
0.032163
0.023955

0.008519
0.004415
0.003842
0.011531
0.029637
0.007083
0.042336
0.042156
0.009436
0.048447
0.035671
0.035841
0.020521

0.004623
0.018713
0.019018
0.021556
0.028176
0.004271
0.040955
0.046651
0.012582
0.039923
0.041844
0.024493
0.007143

0.011132
0.014062
0.017835
0.029267
0.031006
0.007500
0.049420
0.038145
0.009283
0.045144
0.039310
0.033940
0.023064

0.008774
0.006785
0.009721
0.025431
0.015789
0.003542
0.034888
0.032708
0.004159
0.032581
0.029262
0.016000
0.012436

0.006509
0.000294
0.006474
0.014525
0.021711
0.006354
0.036007
0.024375
0.001111
0.016855
0.026247
0.022752
0.013817

0.018302
0.011610
0.009743
0.023261
0.033609
0.009167
0.038105
0.043701
0.006380
0.045939
0.037014
0.030700
0.017604

0.010472
0.007830
0.004786
0.020323
0.016819
0.006979
0.023289
0.029292
0.005010
0.041966
0.019313
0.020986
0.012283

0.016698
0.008928
0.007524
0.027333
0.030028
0.007188
0.038680
0.026000
0.007628
0.044637
0.029508
0.024900
0.022540

0.018679
0.011024
0.013479
0.023200
0.019822
0.011042
0.049083
0.027958
0.005276
0.044267
0.028962
0.013000
0.011539

0.019811
0.008963
0.017857
0.024000
0.037133
0.007292
0.047213
0.039963
0.009976
0.050887
0.040673
0.028650
0.022131

0.009340
0.010682
0.013604
0.018797
0.018929
0.005000
0.037828
0.029500
0.005854
0.035623
0.028402
0.024005
0.015138

0.011415
0.011255
0.012508
0.022197
0.017950
0.011563
0.047354
0.038500
0.008383
0.034423
0.037309
0.032347
0.014454

0.021887
0.012661
0.011601
0.031998
0.031627
0.011771
0.049812
0.039042
0.009228
0.048911
0.043103
0.038500
0.025352

0.013679
0.009094
0.007643
0.012800
0.015075
0.008229
0.040739
0.031042
0.006290
0.044718
0.042035
0.019426
0.015556

0.013396
0.007024
0.007910
0.019000
0.032092
0.011458
0.039333
0.040010
0.003784
0.040543
0.023852
0.024327
0.018526

0.029616
0.025254
0.028203
0.030267
0.038951
0.016812
0.055247
0.026042
0.013935
0.038129
0.029386
0.030000
0.031032

0.028511
0.017794
0.014211
0.030870
0.033882
0.010313
0.055784
0.021375
0.015633
0.027137
0.017623
0.016050
0.019286

0.025777
0.020840
0.024434
0.038536
0.035901
0.007500
0.052785
0.042375
0.010844
0.049011
0.026262
0.025600
0.024528

0.022511
0.014157
0.018475
0.029552
0.038232
0.010313
0.048022
0.046725
0.013602
0.050491
0.027268
0.034098
0.022644

0.024434
0.014702
0.022717
0.041440
0.035245
0.008438
0.047131
0.041692
0.012221
0.048934
0.040645
0.042389
0.022045

0.020301
0.012598
0.016805
0.015979
0.031877
0.008387
0.056008
0.044750
0.011672
0.052657
0.041646
0.037850
0.021216

0.011698
0.017727
0.021804
0.031383
0.027658
0.009896
0.037248
0.029125
0.010805
0.032581
0.016315
0.035369
0.013413

0.011318
0.005135
0.008672
0.025617
0.016184
0.006250
0.047658
0.035484
0.006844
0.048089
0.039509
0.035106
0.013304

0.011415
0.000469
0.007974
0.015133
0.012448
0.005417
0.041632
0.039809
0.002448
0.028710
0.024654
0.027318
0.008413

0.005189
0.007793
0.013046
0.013656
0.013554
0.006250
0.036396
0.022525
0.005803
0.028382
0.017387
0.026492
0.012213

0.010283
0.011080
0.010348
0.030617
0.021776
0.007188
0.040104
0.017392
0.009131
0.034253
0.026090
0.021549
0.015556

0.010748
0.006021
0.008328
0.013171
0.018421
0.009336
0.022951
0.031697
0.005765
0.036569
0.034761
0.027443
0.020401

0.011981
0.003626
0.005214
0.020385
0.019180
0.007604
0.042869
0.037881
0.002619
0.043000
0.025867
0.017609
0.008352

0.016226
0.013120
0.021047
0.028156
0.021702
0.011979
0.042820
0.040708
0.006522
0.038226
0.034410
0.019085
0.011098

0.026064
0.016618
0.021286
0.022434
0.036116
0.010833
0.048977
0.047859
0.002440
0.053533
0.045023
0.041071
0.024108

0.023753
0.015405
0.021180
0.031050
0.036750
0.014583
0.053013
0.038038
0.016542
0.045736
0.043033
0.044105
0.023730

0.015849
0.012094
0.018057
0.033304
0.024937
0.011771
0.052662
0.046662
0.007788
0.049597
0.041900
0.037269
0.019611

0.018585
0.011993
0.021731
0.039139
0.032478
0.014583
0.044299
0.032604
0.010032
0.057814
0.045620
0.016450
0.019665

0.026038
0.004996
0.011525
0.030911
0.030361
0.014063
0.051450
0.044667
0.004206
0.052308
0.038437
0.038600
0.020079

0.018501
0.009831
0.009168
0.031674
0.030237
0.011354
0.048496
0.040917
0.005669
0.048538
0.039426
0.035911
0.020238

0.014623
0.004490
0.010604
0.026524
0.032410
0.010208
0.052961
0.032791
0.003918
0.044832
0.038473
0.040034
0.020981

0.009245
0.009477
0.007196
0.020650
0.020921
0.006250
0.039810
0.037102
0.005761
0.040696
0.031587
0.022249
0.013665

0.020943
0.004996
0.012859
0.022424
0.029107
0.009896
0.052039
0.047500
0.006217
0.035806
0.043303
0.027651
0.008287

0.014916
0.003554
0.008866
0.013371
0.029576
0.008542
0.047991
0.036000
0.003242
0.036339
0.035919
0.027099
0.021899

0.011981
0.012242
0.011895
0.017267
0.031491
0.008125
0.048614
0.040667
0.007737
0.040887
0.029681
0.026500
0.019129

0.013679
0.001851
0.009254
0.031564
0.028164
0.007188
0.034233
0.041563
0.002440
0.028628
0.033014
0.022034
0.020728

0.011887
0.009312
0.008331
0.024446
0.017500
0.004896
0.032500
0.028667
0.002089
0.031211
0.032953
0.021571
0.009510

0.006698
0.000147
0.009067
0.013075
0.019095
0.006354
0.029880
0.030833
0.002131
0.032199
0.022835
0.015150
0.008598

