108.531186
107.878970
107.055509
106.024791
106.538271
107.065422
103.778533
105.069160
105.927921
104.439381
104.065520
104.488879
103.006573
105.854753
77.945726
75.327837
76.698832
78.581082
75.622167
74.740386
75.626228
77.082082
78.457228
75.916446
75.262766
78.057433
74.801965
76.621938
75.775887
72.118712
73.018670
76.607939
76.064599
130.651500
129.658951
132.101660
130.058439
131.327204
132.438962
131.171069
131.784869
132.111562
96.038494
95.870821
96.908501
95.004954
132.580067
129.483291
130.644185
131.338843
133.574507
130.962193
133.198142
133.646999
134.355803
135.909006
132.897037
132.374159
133.618586
132.405827
130.734278
130.747868
130.416848
130.578093
129.630084
131.834533
67.786285
67.162363
66.030377
66.162945
66.858200
66.589938
66.894762
66.500303
106.605409
105.970376
107.685413
107.033499
28.967167
26.169163
24.342401
24.657660
80.967084
79.038042
79.380267
80.752851
80.063315
80.049314
80.794901
78.510988
80.207125
83.490207
81.908876
80.017557
88.957025
89.786180
87.232214
86.261715
92.460825
90.070276
88.272381
90.642837
92.532351
91.493670
90.531912
94.186908
92.052361
92.810657
90.999260
91.728987
95.960348
95.780824
96.275355
97.064187
94.623278
92.253181
91.523629
93.342058
89.800307
86.005293
89.287103
87.119224
92.352816
90.216015
90.925462
90.815456
81.447262
79.440960
85.464661
80.884454
94.487734
92.461695
93.113420
92.321809
93.752260
92.784279
94.247397
93.812825
80.936981
79.995817
82.012674
82.584496
81.958949
80.500023
82.063282
78.979036
82.167522
81.441291
82.562091
80.773772
98.963530
96.719869
94.812673
95.317560
90.845240
93.037505
91.833346
90.087356
61.572903
61.097994
83.222534
80.493929
86.677444
87.925524
87.888294
89.075212
95.001371
95.069285
93.229638
95.489892
95.910525
95.925308
91.128942
91.646107
91.026446
89.333090
94.116270
91.262420
89.432016
91.364831
88.940456
90.463423
89.504894
89.635549
93.383022
91.841371
80.244682
82.318049
81.581565
81.038227
94.024126
95.619864
95.686354
94.748537
93.686832
95.016359
92.518652
94.563362
90.513138
91.204874
90.691903
86.165358
90.377979
90.833257
91.759623
90.517135
90.927507
88.863490
91.163581
91.918048
92.177445
92.587699
91.276311
91.144275
92.309744
87.394820
90.974588
87.559736
94.944863
94.436452
93.568711
93.599551
90.707504
91.479515
89.829228
91.421979
90.457144
89.600527
91.066418
90.919758
89.632279
90.481318
91.033196
94.051198
86.266645
88.058812
88.526576
88.205460
87.909578
87.983034
87.543675
86.853539
88.150466
89.086562
89.220028
90.859465
47.056294
50.345728
31.526801
32.027791
50.994622
49.205968
48.942576
49.566638
48.127073
50.816097
49.029934
47.539902
49.538148
48.841759
49.495411
49.311671
45.413353
47.383283
46.261120
46.729765
46.994059
46.204349
45.546370
47.774832
30.518874
47.434857
48.999985
47.964106
90.428200
90.037939
90.806654
90.620352
91.247653
94.244695
91.498311
89.884266
90.515676
91.150887
90.894196
91.906466
90.991426
90.951472
89.018570
91.723886
90.225604
91.343710
91.885178
89.083589
91.632007
88.626804
90.959405
90.211235
90.025518
90.639748
89.971821
91.007735
88.644500
88.463631
88.919249
88.950319
87.201397
89.550857
89.711562
91.000164
87.225230
86.861834
87.256752
90.540789
92.085897
91.024148
92.717077
90.131148
91.180568
90.300969
91.898817
91.751079
92.624284
90.422779
91.812719
90.634222
89.848514
90.541304
93.616716
92.597156
92.457281
92.060076
90.962037
91.745260
90.407520
89.099393
91.023105
91.995580
92.321115
88.845614
88.464054
91.188176
92.832689
91.811285
91.341223
91.102453
92.432817
91.956543
92.601853
94.216272
92.125236
92.277973
91.952582
93.233929
89.447825
89.826895
91.620595
91.682882
93.133762
93.455293
93.031672
92.481757
92.314256
91.368482
91.874417
91.076649
93.310742
91.413289
92.284071
94.509632
92.928692
93.160105
93.890577
93.006441
93.425825
92.622987
90.504517
93.334761
89.947388
90.716374
91.931199
91.363924
87.709072
86.710766
88.371252
91.457707
91.301193
92.319409
90.155033
88.379807
88.543893
89.418217
90.557044
92.010174
92.259777
91.409747
89.882151
99.040421
92.651800
91.244145
87.233674
85.569926
87.947026
88.470874
91.960008
92.134963
93.096812
93.106335
93.499401
93.887124
92.761539
94.767018
90.515770
90.692840
93.595785
92.429456
88.947300
88.057803
88.634022
93.727792
90.201732
90.451236
92.727842
92.148210
90.784165
91.714969
91.135620
92.005486
91.309643
91.285376
91.613716
92.176313
91.052690
87.798180
90.930850
89.783251
91.497742
92.677530
93.652351
91.042752
90.374488
92.124948
91.349298
91.438749
90.234741
91.749260
90.600024
90.214898
91.686901
90.789226
89.692880
91.236025
90.087426
90.612827
89.138241
90.586868
91.503472
92.564374
92.027464
92.258472
91.313404
91.864458
91.027451
91.254443
90.202838
91.936261
89.949175
90.919077
91.894608
90.531087
91.017314
91.477358
90.262112
91.861983
94.535955
91.947945
91.142795
89.168310
87.796351
89.527137
86.876117
88.892497
88.970262
90.353539
87.621220
87.492462
89.038577
93.877984
92.112345
92.278201
91.948521
94.270072
92.421892
91.804430
92.641134
91.006065
90.407485
87.577480
92.361540
86.964370
90.509782
91.715648
91.090291
90.698513
92.593628
93.062061
91.516381
92.858713
93.125774
92.527829
91.561926
91.388581
92.353808
91.531760
95.506712
